02-03-2018	15	23	27	48	53	06	02
01-31-2018	04	07	14	46	59	22	10
01-27-2018	17	21	26	47	54	07	02
01-24-2018	05	09	11	33	64	21	03
01-20-2018	26	28	47	49	58	03	04
01-17-2018	03	33	37	51	57	21	02
01-13-2018	14	25	35	58	69	24	02
01-10-2018	07	24	33	49	50	04	05
01-06-2018	12	29	30	33	61	26	03
01-03-2018	02	18	37	39	42	12	03
12-30-2017	28	36	41	51	58	24	02
12-27-2017	03	09	16	56	60	03	03
12-23-2017	01	03	13	15	44	25	02
12-20-2017	01	20	61	64	69	20	02
12-16-2017	09	35	37	50	63	11	02
12-13-2017	02	24	28	51	58	07	03
12-09-2017	25	36	37	55	60	06	05
12-06-2017	19	20	50	55	62	09	02
12-02-2017	28	30	32	36	58	06	03
11-29-2017	24	26	28	59	63	16	03
11-25-2017	08	13	27	53	54	04	02
11-22-2017	35	37	46	51	61	13	02
11-18-2017	17	28	31	32	39	26	03
11-15-2017	23	32	44	48	50	25	02
11-11-2017	04	06	16	30	56	18	02
11-08-2017	12	14	20	21	34	22	02
11-04-2017	12	14	26	48	51	13	03
11-01-2017	03	06	19	26	44	01	02
10-28-2017	27	35	38	57	66	10	02
10-25-2017	18	22	29	54	57	08	03
10-21-2017	14	41	42	45	69	04	02
10-18-2017	30	49	54	66	69	08	02
10-14-2017	32	37	56	66	69	11	03
10-11-2017	01	03	13	19	69	23	02
10-07-2017	10	49	61	63	65	07	02
10-04-2017	22	23	62	63	66	24	02
09-30-2017	08	12	25	41	64	15	03
09-27-2017	08	10	21	23	25	22	03
09-23-2017	24	45	55	56	57	19	02
09-20-2017	39	48	53	67	68	26	03
09-16-2017	17	18	24	25	31	24	02
09-13-2017	17	24	35	57	63	19	03
09-09-2017	06	20	29	57	59	22	02
09-06-2017	08	14	32	58	67	17	03
09-02-2017	06	21	41	52	62	26	02
08-30-2017	19	28	43	67	69	07	02
08-26-2017	07	15	32	38	66	15	02
08-23-2017	06	07	16	23	26	04	04
08-19-2017	17	19	39	43	68	13	04
08-16-2017	09	15	43	60	64	04	03
08-12-2017	20	24	26	35	49	19	02
08-09-2017	12	30	36	47	62	09	04
08-05-2017	11	21	28	33	45	11	02
08-02-2017	01	16	54	63	69	18	03
07-29-2017	01	28	40	45	48	12	02
07-26-2017	07	19	21	42	69	12	02
07-22-2017	05	32	44	53	60	09	03
07-19-2017	50	51	59	61	63	04	05
07-15-2017	09	40	63	64	66	17	02
07-12-2017	01	02	18	23	61	09	02
07-08-2017	08	10	29	40	59	26	02
07-05-2017	04	09	16	54	68	21	02
07-01-2017	19	42	45	48	53	16	03
06-28-2017	29	37	46	53	68	08	02
06-24-2017	10	22	32	36	58	10	04
06-21-2017	14	46	61	65	68	13	02
06-17-2017	10	13	32	53	62	21	02
06-14-2017	05	22	43	57	63	24	02
06-10-2017	20	26	32	38	58	03	02
06-07-2017	05	21	57	66	69	13	03
06-03-2017	03	09	21	41	54	25	04
05-31-2017	04	33	39	46	60	06	02
05-27-2017	05	10	28	55	67	09	03
05-24-2017	28	32	33	38	62	15	02
05-20-2017	05	22	45	47	54	03	02
05-17-2017	04	11	39	45	48	09	03
05-13-2017	17	20	32	63	68	19	05
05-10-2017	29	31	46	56	62	08	02
05-06-2017	11	21	31	41	59	21	03
05-03-2017	17	18	49	59	66	09	02
04-29-2017	22	23	24	45	62	05	02
04-26-2017	01	15	18	26	51	26	04
04-22-2017	21	39	41	48	63	06	03
04-19-2017	01	19	37	40	52	15	03
04-15-2017	05	22	26	45	61	13	03
04-12-2017	08	14	61	63	68	24	02
04-08-2017	23	36	51	53	60	15	02
04-05-2017	08	20	46	53	54	13	02
04-01-2017	09	32	36	44	65	01	03
03-29-2017	08	15	31	36	62	11	03
03-25-2017	18	31	32	45	48	16	04
03-22-2017	02	09	27	29	42	09	02
03-18-2017	13	25	44	54	67	05	03
03-15-2017	16	30	41	48	53	16	03
03-11-2017	01	26	41	50	57	11	02
03-08-2017	23	33	42	46	59	04	02
03-04-2017	02	18	19	22	63	19	03
03-01-2017	10	16	40	52	55	17	10
02-25-2017	06	32	47	62	65	19	02
02-22-2017	10	13	28	52	61	02	02
02-18-2017	03	07	09	31	33	20	03
02-15-2017	05	28	33	38	42	19	02
02-11-2017	05	09	17	37	64	02	02
02-08-2017	14	20	42	49	66	05	02
02-04-2017	06	13	16	17	52	25	03
02-01-2017	09	43	57	60	64	10	02
01-28-2017	12	20	39	49	69	17	02
01-25-2017	18	28	62	66	68	22	02
01-21-2017	23	25	45	52	67	02	02
01-18-2017	09	40	41	53	58	12	02
01-14-2017	23	55	59	64	69	13	05
01-11-2017	01	03	13	16	43	24	02
01-07-2017	03	12	24	37	63	10	02
01-04-2017	16	17	29	41	42	04	03
12-31-2016	01	03	28	57	67	09	02
12-28-2016	16	23	30	44	58	04	02
12-24-2016	28	38	42	51	52	21	02
12-21-2016	25	33	40	54	68	03	05
12-17-2016	01	08	16	40	48	10	02
12-14-2016	18	26	37	39	66	15	03
12-10-2016	12	21	32	44	66	15	02
12-07-2016	41	48	49	53	64	20	02
12-03-2016	08	10	26	27	33	22	02
11-30-2016	03	14	18	25	45	07	02
11-26-2016	17	19	21	37	44	16	02
11-23-2016	07	32	41	47	61	03	02
11-19-2016	24	61	43	16	28	21	02
11-16-2016	28	41	61	63	65	07	02
11-12-2016	08	17	20	27	52	24	02
11-09-2016	01	25	28	31	54	02	02
11-05-2016	21	31	50	51	69	08	03
11-02-2016	13	18	37	54	61	05	02
10-29-2016	19	20	21	42	48	23	03
10-26-2016	02	03	16	48	56	24	02
10-22-2016	01	28	33	55	56	22	02
10-19-2016	10	16	38	43	63	23	02
10-15-2016	23	49	57	64	67	20	02
10-12-2016	16	30	34	37	44	16	02
10-08-2016	03	54	61	64	68	09	02
10-05-2016	08	18	27	29	60	15	02
10-01-2016	02	12	50	61	64	01	02
09-28-2016	30	38	52	53	62	01	03
09-24-2016	07	15	20	29	41	22	02
09-21-2016	01	28	63	67	69	17	04
09-17-2016	09	19	51	55	62	14	04
09-14-2016	10	11	23	28	31	14	02
09-10-2016	03	17	49	55	68	08	02
09-07-2016	22	23	29	33	55	21	02
09-03-2016	07	39	50	59	67	25	03
08-31-2016	05	10	24	56	61	12	02
08-27-2016	04	32	48	49	63	20	02
08-24-2016	09	11	25	64	65	16	03
08-20-2016	03	06	21	60	68	24	02
08-17-2016	33	44	49	50	52	08	03
08-13-2016	38	44	60	64	69	06	02
08-10-2016	23	56	61	64	67	12	05
08-06-2016	20	33	36	47	52	12	03
08-03-2016	09	11	27	66	67	02	03
07-30-2016	11	17	21	23	32	05	02
07-27-2016	10	47	50	65	68	24	02
07-23-2016	05	07	23	35	39	11	02
07-20-2016	06	25	35	58	66	05	02
07-16-2016	11	17	40	50	62	26	02
07-13-2016	03	15	29	54	57	10	03
07-09-2016	10	28	32	61	64	12	03
07-06-2016	02	24	31	57	66	18	03
07-02-2016	10	34	39	59	63	04	02
06-29-2016	23	29	37	60	64	06	02
06-25-2016	03	27	36	56	69	25	02
06-22-2016	14	40	42	43	52	17	03
06-18-2016	02	23	41	53	63	11	02
06-15-2016	04	22	24	31	33	10	02
06-11-2016	20	27	36	41	58	07	02
06-08-2016	12	25	37	60	69	20	03
06-04-2016	16	20	22	43	64	17	02
06-01-2016	23	30	33	40	69	12	05
05-28-2016	06	33	34	58	59	12	02
05-25-2016	11	24	41	59	64	15	03
05-21-2016	05	07	09	23	32	26	04
05-18-2016	23	25	39	54	67	11	03
05-14-2016	13	27	47	64	65	09	03
05-11-2016	20	32	52	66	69	23	03
05-07-2016	05	25	26	44	66	09	02
05-04-2016	30	47	57	66	69	03	03
04-30-2016	03	12	16	32	34	14	03
04-27-2016	02	25	33	39	64	17	02
04-23-2016	19	35	46	59	62	13	05
04-20-2016	12	25	30	52	62	08	03
04-16-2016	03	18	25	32	51	03	02
04-13-2016	30	33	35	38	64	22	03
04-09-2016	14	22	23	41	61	09	03
04-06-2016	04	28	49	60	65	25	02
04-02-2016	09	28	30	40	61	03	02
03-30-2016	24	44	53	55	63	19	02
03-26-2016	11	23	42	52	68	06	03
03-23-2016	05	08	15	22	49	25	03
03-19-2016	11	23	43	54	60	03	03
03-16-2016	10	12	13	46	50	21	03
03-12-2016	11	28	50	57	62	23	02
03-09-2016	14	23	32	34	68	03	03
03-05-2016	03	27	34	59	69	19	02
03-02-2016	12	13	44	52	62	06	02
02-27-2016	10	11	21	22	53	18	03
02-24-2016	21	31	64	65	67	05	03
02-20-2016	11	12	15	16	54	25	05
02-17-2016	07	17	27	29	40	25	02
02-13-2016	07	15	18	19	36	20	02
02-10-2016	02	03	40	50	62	05	02
02-06-2016	04	13	31	36	52	08	03
02-03-2016	26	28	31	60	67	23	03
01-30-2016	05	12	16	31	43	18	04
01-27-2016	03	12	40	52	67	21	02
01-23-2016	22	32	34	40	69	19	04
01-20-2016	05	39	44	47	69	24	05
01-16-2016	03	51	52	61	64	06	02
01-13-2016	04	08	19	27	34	10	02
01-09-2016	16	19	32	34	57	13	03
01-06-2016	02	11	47	62	63	17	03
01-02-2016	05	06	15	29	42	10	02
12-30-2015	12	36	38	54	61	22	03
12-26-2015	27	40	44	59	65	20	02
12-23-2015	16	38	55	63	67	25	04
12-19-2015	28	30	41	59	68	10	02
12-16-2015	09	10	32	42	55	06	02
12-12-2015	02	14	19	30	62	22	02
12-09-2015	07	10	16	46	56	01	02
12-05-2015	13	27	33	47	68	13	02
12-02-2015	14	18	19	32	64	09	02
11-28-2015	02	06	47	66	67	02	03
11-25-2015	16	29	53	58	69	21	02
11-21-2015	37	47	50	52	57	21	03
11-18-2015	17	40	41	46	69	06	02
11-14-2015	14	22	37	45	66	05	03
11-11-2015	04	26	32	55	64	18	03
11-07-2015	07	16	25	50	53	15	02
11-04-2015	02	12	17	20	65	17	04
10-31-2015	09	20	25	47	68	07	02
10-28-2015	04	54	56	62	63	10	02
10-24-2015	20	31	56	60	64	02	03
10-21-2015	30	32	42	56	57	11	04
10-17-2015	48	49	57	62	69	19	03
10-14-2015	15	20	29	31	40	01	02
10-10-2015	12	27	29	43	68	01	02
10-07-2015	18	30	40	48	52	09	03
10-03-2015	06	26	33	44	46	04	02
09-30-2015	21	39	40	55	59	17	03
09-26-2015	23	31	42	50	57	05	03
09-23-2015	08	29	41	51	58	05	02
09-19-2015	12	17	26	43	48	24	02
09-16-2015	05	07	24	31	39	07	03
09-12-2015	02	03	13	16	35	27	03
09-09-2015	44	45	47	50	51	08	02
09-05-2015	10	16	18	29	45	19	02
09-02-2015	17	22	30	46	56	16	03
08-29-2015	18	21	25	28	29	16	02
08-26-2015	02	22	32	45	56	12	05
08-22-2015	04	12	14	21	55	07	04
08-19-2015	06	08	43	48	50	07	02
08-15-2015	03	13	17	42	52	24	04
08-12-2015	08	13	29	38	52	28	02
08-08-2015	09	34	48	52	54	15	04
08-05-2015	09	11	14	16	42	19	02
08-01-2015	07	13	24	49	57	15	03
07-29-2015	04	22	27	28	52	35	03
07-25-2015	27	29	34	41	44	02	03
07-22-2015	12	31	43	44	57	11	02
07-18-2015	06	37	39	45	55	33	03
07-15-2015	13	16	34	45	50	11	02
07-11-2015	11	39	46	52	54	03	02
07-08-2015	04	15	25	27	30	18	03
07-04-2015	03	06	14	18	24	21	03
07-01-2015	07	24	26	31	41	25	02
06-27-2015	18	28	35	46	49	27	05
06-24-2015	03	05	10	22	32	07	04
06-20-2015	09	10	16	20	57	15	02
06-17-2015	20	21	22	41	54	07	03
06-13-2015	29	41	48	52	54	29	02
06-10-2015	31	32	48	49	53	25	02
06-06-2015	08	13	18	27	43	15	04
06-03-2015	06	08	13	37	40	11	02
05-30-2015	08	09	25	56	57	22	02
05-27-2015	08	15	34	53	59	23	02
05-23-2015	09	15	17	31	43	16	04
05-20-2015	01	12	28	35	44	25	03
05-16-2015	24	29	38	48	52	32	02
05-13-2015	01	25	29	31	47	07	03
05-09-2015	04	15	17	35	58	17	03
05-06-2015	23	24	27	39	41	30	05
05-02-2015	02	06	11	30	31	33	03
04-29-2015	01	26	34	38	51	06	03
04-25-2015	21	33	35	38	45	12	02
04-22-2015	10	14	25	39	53	18	02
04-18-2015	13	22	23	29	31	17	03
04-15-2015	01	16	21	29	40	30	03
04-11-2015	01	12	32	42	58	12	02
04-08-2015	01	19	45	46	58	29	02
04-04-2015	33	39	40	41	54	28	03
04-01-2015	02	30	33	39	44	01	03
03-28-2015	02	04	06	12	38	17	03
03-25-2015	07	19	23	50	54	14	02
03-21-2015	11	16	30	38	42	07	04
03-18-2015	14	25	30	33	47	08	02
03-14-2015	08	14	39	46	47	18	02
03-11-2015	11	24	31	40	44	27	02
03-07-2015	34	36	38	42	50	33	04
03-04-2015	08	12	15	35	50	32	02
02-28-2015	11	17	25	28	46	12	02
02-25-2015	17	19	21	32	39	08	03
02-21-2015	10	14	18	34	51	26	02
02-18-2015	01	09	29	32	49	22	02
02-14-2015	01	24	44	45	51	28	02
02-11-2015	11	13	25	39	54	19	03
02-07-2015	05	10	21	34	58	33	05
02-04-2015	24	36	51	52	56	22	02
01-31-2015	05	11	16	26	50	34	02
01-28-2015	12	24	35	36	49	01	05
01-24-2015	16	19	20	29	33	10	02
01-21-2015	11	12	15	28	57	23	04
01-17-2015	15	16	23	27	36	09	02
01-14-2015	02	04	10	41	53	22	05
01-10-2015	02	09	19	28	29	19	05
01-07-2015	14	15	47	49	59	10	02
01-03-2015	04	18	43	46	55	25	03
12-31-2014	17	27	37	40	53	35	02
12-27-2014	07	10	11	14	36	15	02
12-24-2014	11	12	46	47	50	22	04
12-20-2014	14	15	19	31	56	05	05
12-17-2014	22	31	38	47	48	15	03
12-13-2014	05	13	28	43	55	33	03
12-10-2014	34	44	48	54	55	10	02
12-06-2014	12	15	22	43	49	14	02
12-03-2014	25	30	32	46	54	26	03
11-29-2014	13	24	30	42	48	27	02
11-26-2014	16	17	22	46	54	35	05
11-22-2014	23	49	53	54	57	35	02
11-19-2014	06	36	38	48	51	17	02
11-15-2014	13	16	33	35	51	28	02
11-12-2014	37	39	51	52	55	11	03
11-08-2014	09	19	33	38	54	15	03
11-05-2014	02	11	19	21	42	34	03
11-01-2014	01	03	13	25	38	17	02
10-29-2014	25	28	48	57	59	16	03
10-25-2014	06	10	51	54	57	12	02
10-22-2014	29	30	40	42	50	16	02
10-18-2014	20	26	27	36	54	19	02
10-15-2014	05	07	19	27	28	20	02
10-11-2014	10	19	37	38	39	28	02
10-08-2014	05	16	31	46	50	18	03
10-04-2014	13	18	24	25	33	31	02
10-01-2014	01	04	18	20	45	07	02
09-27-2014	02	11	35	52	54	13	03
09-24-2014	07	14	21	24	41	26	04
09-20-2014	22	23	30	37	39	16	04
09-17-2014	18	25	36	48	50	23	02
09-13-2014	01	06	16	37	53	27	03
09-10-2014	02	14	39	40	43	13	05
09-06-2014	09	29	31	43	50	18	02
09-03-2014	02	16	43	45	51	35	03
08-30-2014	05	28	31	52	59	27	02
08-27-2014	17	24	26	45	46	19	03
08-23-2014	28	32	35	36	52	31	03
08-20-2014	04	08	21	38	40	03	02
08-16-2014	07	08	17	48	59	09	02
08-13-2014	08	37	39	40	52	24	02
08-09-2014	03	12	31	34	51	24	02
08-06-2014	01	08	24	28	49	24	05
08-02-2014	12	26	44	46	47	29	02
07-30-2014	13	30	42	49	53	29	03
07-26-2014	24	28	30	38	39	16	02
07-23-2014	04	10	12	22	31	03	05
07-19-2014	10	17	25	45	53	09	02
07-16-2014	05	15	18	26	32	35	03
07-12-2014	02	03	07	23	51	26	02
07-09-2014	09	25	42	55	57	14	02
07-05-2014	24	34	36	57	58	11	04
07-02-2014	08	18	45	53	58	35	02
06-28-2014	08	12	34	43	56	09	02
06-25-2014	10	20	25	50	53	35	04
06-21-2014	05	06	37	41	54	26	03
06-18-2014	06	09	29	52	59	07	03
06-14-2014	09	33	42	45	54	30	03
06-11-2014	14	18	25	33	49	23	05
06-07-2014	28	30	35	58	59	15	02
06-04-2014	01	07	10	22	49	24	03
05-31-2014	15	27	31	34	48	01	02
05-28-2014	02	24	28	32	59	25	03
05-24-2014	15	16	28	49	55	18	02
05-21-2014	04	20	34	39	58	31	05
05-17-2014	23	32	39	47	49	22	03
05-14-2014	07	33	39	52	55	33	03
05-10-2014	04	31	41	47	55	01	02
05-07-2014	17	29	31	48	49	34	02
05-03-2014	05	15	16	46	49	26	04
04-30-2014	02	09	11	19	50	32	03
04-26-2014	03	07	22	30	33	20	03
04-23-2014	19	25	29	36	48	12	04
04-19-2014	05	06	29	35	51	21	05
04-16-2014	34	39	42	44	59	08	03
04-12-2014	14	26	45	54	55	20	02
04-09-2014	09	14	44	48	49	29	02
04-05-2014	11	21	26	33	34	29	05
04-02-2014	08	13	19	22	53	24	02
03-29-2014	02	03	12	27	38	17	02
03-26-2014	28	33	41	44	59	21	02
03-22-2014	13	28	31	55	58	15	02
03-19-2014	02	19	23	34	43	14	02
03-15-2014	02	05	34	51	58	09	04
03-12-2014	14	15	28	37	54	10	02
03-08-2014	10	14	24	32	41	30	02
03-05-2014	03	07	09	26	54	19	02
03-01-2014	03	08	25	30	47	13	04
02-26-2014	11	12	17	38	42	02	02
02-22-2014	02	03	13	14	54	04	05
02-19-2014	01	17	35	49	54	34	03
02-15-2014	02	09	14	21	23	03	03
02-12-2014	36	44	49	52	57	01	02
02-08-2014	24	25	34	37	54	29	02
02-05-2014	08	17	32	57	59	24	03
02-01-2014	05	12	15	27	38	07	02
01-29-2014	11	23	28	32	47	20	02
01-25-2014	08	12	18	55	57	02	02
01-22-2014	01	02	07	09	55	29	03
01-18-2014	13	14	19	31	38	25	00
01-15-2014	07	08	09	24	29	25	00
01-11-2014	10	15	33	48	54	34	00
01-08-2014	10	28	39	47	58	22	00
01-04-2014	19	20	37	41	58	14	00
01-01-2014	15	24	40	48	52	23	00
12-28-2013	08	35	44	51	56	18	00
12-25-2013	23	28	38	39	56	32	00
12-21-2013	25	36	40	45	51	08	00
12-18-2013	07	24	37	39	40	01	00
12-14-2013	14	25	32	33	41	34	00
12-11-2013	01	10	13	18	19	27	00
12-07-2013	13	20	32	45	48	17	00
12-04-2013	06	09	11	31	44	25	00
11-30-2013	05	26	44	45	57	29	00
11-27-2013	18	25	50	55	57	17	00
11-23-2013	05	12	43	52	55	10	00
11-20-2013	04	18	23	32	45	07	00
11-16-2013	10	29	37	44	59	10	00
11-13-2013	05	31	50	55	56	09	00
11-09-2013	03	09	37	49	56	32	00
11-06-2013	01	05	10	15	49	22	00
11-02-2013	13	23	24	27	40	17	00
10-30-2013	02	36	40	49	54	10	00
10-26-2013	04	06	34	49	56	29	00
10-23-2013	03	23	31	34	47	13	00
10-19-2013	09	33	54	56	57	05	00
10-16-2013	03	26	28	34	42	28	00
10-12-2013	08	10	26	57	58	04	00
10-09-2013	03	09	19	33	38	18	00
10-05-2013	11	12	17	39	40	05	00
10-02-2013	04	06	25	42	51	17	00
09-28-2013	14	47	52	53	54	05	00
09-25-2013	02	07	17	49	53	23	00
09-21-2013	12	17	45	54	58	13	00
09-18-2013	07	10	22	32	35	19	00
09-14-2013	01	17	25	37	44	20	00
09-11-2013	11	19	33	42	52	33	00
09-07-2013	02	19	22	26	45	24	00
09-04-2013	02	09	26	45	47	11	00
08-31-2013	02	07	25	40	56	20	00
08-28-2013	06	07	09	19	32	13	00
08-24-2013	12	17	25	45	59	19	00
08-21-2013	30	40	42	46	48	23	00
08-17-2013	18	21	46	54	56	23	00
08-14-2013	04	11	17	43	51	20	00
08-10-2013	04	12	14	37	58	13	00
08-07-2013	05	25	30	58	59	32	00
08-03-2013	21	24	36	42	45	15	00
07-31-2013	08	24	39	49	59	05	00
07-27-2013	09	23	40	53	58	06	00
07-24-2013	09	29	40	44	54	07	00
07-20-2013	14	25	27	38	58	06	00
07-17-2013	01	22	34	38	42	17	00
07-13-2013	02	08	22	35	37	06	00
07-10-2013	30	31	45	55	59	27	00
07-06-2013	02	13	35	36	52	11	00
07-03-2013	03	06	29	40	51	04	00
06-29-2013	08	28	30	53	56	16	00
06-26-2013	01	18	33	39	46	33	00
06-22-2013	13	19	23	33	57	28	00
06-19-2013	07	46	47	52	57	17	00
06-15-2013	28	36	40	48	55	01	00
06-12-2013	16	22	23	42	55	32	00
06-08-2013	02	11	22	26	32	19	00
06-05-2013	04	26	33	36	55	32	00
06-01-2013	22	28	33	53	59	14	00
05-29-2013	09	14	17	49	57	02	00
05-25-2013	02	06	19	21	27	25	00
05-22-2013	09	31	35	41	57	26	00
05-18-2013	10	13	14	22	52	11	00
05-15-2013	02	11	26	34	41	32	00
05-11-2013	06	13	19	23	43	16	00
05-08-2013	21	22	26	30	57	27	00
05-04-2013	07	12	26	36	40	17	00
05-01-2013	22	26	31	54	55	18	00
04-27-2013	03	23	48	54	55	05	00
04-24-2013	09	19	31	56	59	02	00
04-20-2013	06	08	30	39	48	20	00
04-17-2013	13	18	36	48	58	28	00
04-13-2013	10	12	31	56	57	33	00
04-10-2013	01	36	40	52	53	20	00
04-06-2013	04	07	08	29	39	24	00
04-03-2013	01	06	08	12	35	03	00
03-30-2013	11	23	26	46	55	27	00
03-27-2013	07	37	43	48	52	16	00
03-23-2013	17	29	31	52	53	31	00
03-20-2013	13	14	17	43	54	15	00
03-16-2013	03	07	21	44	53	16	00
03-13-2013	05	09	28	32	38	29	00
03-09-2013	10	37	40	46	52	12	00
03-06-2013	06	10	23	41	45	01	00
03-02-2013	03	08	13	41	56	16	00
02-27-2013	03	14	20	34	48	21	00
02-23-2013	02	05	31	39	41	29	00
02-20-2013	03	17	19	25	32	17	00
02-16-2013	15	16	46	50	58	29	00
02-13-2013	12	23	25	27	43	29	00
02-09-2013	05	06	16	36	58	03	00
02-06-2013	05	27	36	38	41	12	00
02-02-2013	11	16	33	40	41	34	00
01-30-2013	14	16	32	47	52	16	00
01-26-2013	03	22	26	41	49	18	00
01-23-2013	11	12	24	43	45	09	00
01-19-2013	08	28	29	34	38	35	00
01-16-2013	09	21	28	32	51	35	00
01-12-2013	10	14	21	23	47	07	00
01-09-2013	11	13	20	27	59	26	00
01-05-2013	26	30	49	51	54	25	00
01-02-2013	18	20	28	35	53	20	00
12-29-2012	36	46	50	52	55	14	00
12-26-2012	11	13	23	43	54	04	00
12-22-2012	01	18	35	39	44	11	00
12-19-2012	05	08	20	23	30	03	00
12-15-2012	15	23	40	44	55	14	00
12-12-2012	08	10	25	36	44	28	00
12-08-2012	07	23	26	40	53	21	00
12-05-2012	13	17	19	27	38	12	00
12-01-2012	03	10	19	36	46	03	00
11-28-2012	05	16	22	23	29	06	00
11-24-2012	22	32	37	44	50	34	00
11-21-2012	08	18	24	30	39	26	00
11-17-2012	03	15	27	58	59	20	00
11-14-2012	08	10	30	44	58	13	00
11-10-2012	32	42	50	54	55	32	00
11-07-2012	32	34	45	52	58	20	00
11-03-2012	04	07	09	30	54	25	00
10-31-2012	01	27	31	45	48	05	00
10-27-2012	22	32	34	36	56	33	00
10-24-2012	03	18	21	23	50	04	00
10-20-2012	04	21	28	31	44	10	00
10-17-2012	01	07	10	23	42	35	00
10-13-2012	02	05	25	26	49	18	00
10-10-2012	18	26	29	35	43	28	00
10-06-2012	15	26	34	36	59	35	00
10-03-2012	17	23	36	55	59	10	00
09-29-2012	14	18	28	29	57	08	00
09-26-2012	13	26	39	41	42	10	00
09-22-2012	02	16	18	40	42	33	00
09-19-2012	01	05	08	39	50	23	00
09-15-2012	03	20	26	43	48	01	00
09-12-2012	24	33	36	48	56	06	00
09-08-2012	06	20	34	44	48	29	00
09-05-2012	04	19	26	42	51	29	00
09-01-2012	08	11	21	44	49	22	00
08-29-2012	25	28	49	54	56	28	00
08-25-2012	01	06	07	20	49	23	00
08-22-2012	22	29	31	47	55	19	00
08-18-2012	14	26	41	55	59	01	00
08-15-2012	06	27	46	51	56	21	00
08-11-2012	04	13	39	46	51	01	00
08-08-2012	03	07	11	15	28	12	00
08-04-2012	19	30	48	53	55	18	00
08-01-2012	03	16	48	56	58	04	00
07-28-2012	05	06	13	36	50	13	00
07-25-2012	03	14	35	38	46	16	00
07-21-2012	09	31	38	54	56	20	00
07-18-2012	02	05	20	23	57	03	00
07-14-2012	04	16	32	37	46	13	00
07-11-2012	05	22	36	49	55	23	00
07-07-2012	03	05	29	39	59	29	00
07-04-2012	14	19	35	39	56	33	00
06-30-2012	07	15	20	41	44	22	00
06-27-2012	06	34	40	46	58	06	00
06-23-2012	01	03	41	44	53	30	00
06-20-2012	11	17	29	56	57	14	00
06-16-2012	08	14	15	16	27	26	00
06-13-2012	07	10	14	33	57	18	00
06-09-2012	18	22	45	56	57	27	00
06-06-2012	19	30	33	48	59	27	00
06-02-2012	09	10	17	29	45	33	00
05-30-2012	09	10	24	52	56	14	00
05-26-2012	13	14	41	49	59	14	00
05-23-2012	04	07	26	53	59	32	00
05-19-2012	08	13	35	46	51	30	00
05-16-2012	03	07	21	28	43	02	00
05-12-2012	10	24	35	53	58	22	00
05-09-2012	01	07	11	55	56	01	00
05-05-2012	09	12	20	44	59	23	00
05-02-2012	07	08	33	38	50	29	00
04-28-2012	31	39	40	57	58	33	00
04-25-2012	04	25	29	34	43	29	00
04-21-2012	06	08	20	42	51	16	00
04-18-2012	20	22	39	46	49	29	00
04-14-2012	14	15	16	19	24	02	00
04-11-2012	16	23	42	44	47	02	00
04-07-2012	05	13	17	20	30	18	00
04-04-2012	01	24	33	45	49	06	00
03-31-2012	05	14	36	54	58	27	00
03-28-2012	11	16	29	50	58	33	00
03-24-2012	01	15	35	37	47	08	00
03-21-2012	32	43	53	55	56	06	00
03-17-2012	11	14	49	55	58	30	00
03-14-2012	01	08	41	46	59	24	00
03-10-2012	05	14	17	20	41	05	00
03-07-2012	12	35	45	46	47	12	00
03-03-2012	29	30	45	47	49	35	00
02-29-2012	01	04	11	23	26	14	00
02-25-2012	06	11	42	53	54	07	00
02-22-2012	07	16	17	39	51	32	00
02-18-2012	23	28	50	56	59	05	00
02-15-2012	11	12	32	52	56	11	00
02-11-2012	01	10	37	52	57	11	00
02-08-2012	17	28	38	39	51	33	00
02-04-2012	15	23	43	45	56	07	00
02-01-2012	08	13	17	34	59	35	00
01-28-2012	05	33	41	54	59	13	00
01-25-2012	04	19	28	29	47	05	00
01-21-2012	12	24	43	44	45	07	00
01-18-2012	06	29	34	44	50	28	00
01-14-2012	10	30	36	38	41	01	05
01-11-2012	05	19	29	45	47	25	02
01-07-2012	03	21	24	38	39	24	05
01-04-2012	21	35	46	47	50	02	04
12-31-2011	05	23	25	28	40	34	04
12-28-2011	16	21	27	41	45	14	02
12-24-2011	14	16	30	51	52	19	02
12-21-2011	10	13	15	31	54	18	05
12-17-2011	13	28	49	51	59	33	04
12-14-2011	02	24	46	52	56	19	05
12-10-2011	04	19	33	41	59	09	05
12-07-2011	03	14	20	39	40	37	02
12-03-2011	05	18	33	43	45	08	03
11-30-2011	02	06	34	35	47	22	02
11-26-2011	20	37	39	45	55	28	02
11-23-2011	04	30	35	57	59	25	02
11-19-2011	09	16	17	28	30	11	03
11-16-2011	13	22	25	39	51	28	02
11-12-2011	04	35	36	51	56	08	05
11-09-2011	05	35	57	58	59	12	03
11-05-2011	02	33	39	40	43	26	03
11-02-2011	12	14	34	39	46	36	04
10-29-2011	11	16	40	51	56	38	05
10-26-2011	01	18	21	39	55	06	03
10-22-2011	03	08	23	30	58	13	04
10-19-2011	16	26	35	52	58	02	05
10-15-2011	05	10	24	38	43	01	04
10-12-2011	10	12	23	43	47	18	03
10-08-2011	03	27	35	37	45	31	05
10-05-2011	07	20	43	46	54	17	04
10-01-2011	01	12	23	27	43	31	03
09-28-2011	30	41	50	51	53	08	02
09-24-2011	03	04	12	27	44	26	05
09-21-2011	12	47	48	52	55	13	04
09-17-2011	06	20	22	32	43	11	02
09-14-2011	16	41	42	50	59	05	03
09-10-2011	04	19	22	32	53	24	04
09-07-2011	03	05	18	27	54	13	04
09-03-2011	15	25	52	53	54	02	05
08-31-2011	13	19	35	47	57	29	05
08-27-2011	02	12	25	54	58	14	03
08-24-2011	09	13	47	49	53	39	05
08-20-2011	02	17	23	28	47	36	02
08-17-2011	18	28	31	48	52	37	04
08-13-2011	09	12	35	50	58	04	02
08-10-2011	11	18	36	41	46	38	04
08-06-2011	25	30	54	57	59	06	03
08-03-2011	13	19	21	28	49	11	02
07-30-2011	20	40	41	47	55	19	02
07-27-2011	38	40	41	51	59	33	02
07-23-2011	01	07	27	38	48	30	03
07-20-2011	01	04	38	40	42	17	04
07-16-2011	24	28	48	50	54	25	03
07-13-2011	08	18	19	32	54	08	04
07-09-2011	01	09	11	23	31	06	03
07-06-2011	11	15	24	50	55	08	02
07-02-2011	01	11	18	29	51	32	03
06-29-2011	24	30	45	57	59	26	03
06-25-2011	18	36	39	41	57	12	04
06-22-2011	12	15	19	46	59	12	04
06-18-2011	12	21	22	38	41	18	02
06-15-2011	19	20	38	41	43	29	04
06-11-2011	16	18	27	36	50	08	03
06-08-2011	14	37	44	45	53	29	05
06-04-2011	17	19	39	41	58	21	05
06-01-2011	08	18	38	46	56	31	04
05-28-2011	12	20	43	51	55	11	04
05-25-2011	04	23	31	42	50	23	02
05-21-2011	02	08	40	49	50	36	03
05-18-2011	07	12	13	42	49	16	04
05-14-2011	08	17	18	40	44	16	02
05-11-2011	09	17	32	43	45	31	03
05-07-2011	02	11	27	47	55	15	04
05-04-2011	03	15	27	29	41	24	04
04-30-2011	06	13	15	32	41	03	02
04-27-2011	04	24	40	44	55	05	02
04-23-2011	03	11	47	48	58	19	03
04-20-2011	09	24	34	36	43	27	03
04-16-2011	21	33	44	45	55	07	05
04-13-2011	04	23	39	49	50	39	03
04-09-2011	05	14	32	53	56	11	04
04-06-2011	10	18	41	55	56	15	02
04-02-2011	06	22	34	43	45	23	02
03-30-2011	19	20	42	56	58	37	04
03-26-2011	04	10	11	19	33	27	04
03-23-2011	05	15	26	28	32	09	02
03-19-2011	03	11	20	27	46	08	02
03-16-2011	28	39	40	48	53	09	03
03-12-2011	01	04	12	41	47	03	04
03-09-2011	12	20	28	40	48	08	02
03-05-2011	02	23	31	42	48	21	02
03-02-2011	07	31	50	51	58	06	02
02-26-2011	04	13	17	21	45	10	05
02-23-2011	29	32	36	39	49	29	03
02-19-2011	03	12	34	37	42	36	05
02-16-2011	09	13	21	23	48	24	02
02-12-2011	11	32	36	48	52	19	04
02-09-2011	07	11	39	42	51	30	04
02-05-2011	15	37	41	56	59	05	05
02-02-2011	03	14	33	53	57	36	04
01-29-2011	24	28	45	49	52	02	04
01-26-2011	04	05	36	47	58	06	03
01-22-2011	30	31	34	45	51	23	02
01-19-2011	22	36	51	56	59	32	03
01-15-2011	09	13	22	23	37	31	03
01-12-2011	19	21	23	40	48	27	04
01-08-2011	06	07	26	33	52	24	02
01-05-2011	22	26	32	38	40	07	05
01-01-2011	18	22	37	47	54	36	02
12-29-2010	03	16	18	20	37	30	02
12-25-2010	01	17	38	50	52	24	02
12-22-2010	11	33	44	46	47	12	02
12-18-2010	04	11	19	33	43	14	04
12-15-2010	10	11	18	32	45	18	05
12-11-2010	01	08	10	19	20	23	02
12-08-2010	08	11	25	41	58	16	04
12-04-2010	13	24	27	31	42	22	05
12-01-2010	05	10	11	12	20	02	03
11-27-2010	10	30	37	47	54	39	05
11-24-2010	08	20	21	32	37	04	03
11-20-2010	10	12	38	53	57	01	05
11-17-2010	14	16	53	54	59	05	03
11-13-2010	17	30	48	51	54	29	05
11-10-2010	05	08	11	40	44	10	04
11-06-2010	07	12	23	34	38	33	04
11-03-2010	34	38	39	45	50	33	02
10-30-2010	01	07	27	36	49	39	05
10-27-2010	20	24	25	53	59	15	05
10-23-2010	02	07	16	20	46	34	04
10-20-2010	07	17	20	39	59	17	03
10-16-2010	11	12	15	16	28	11	02
10-13-2010	12	22	32	34	46	02	04
10-09-2010	02	06	32	42	49	35	03
10-06-2010	14	26	37	41	46	24	05
10-02-2010	12	20	30	36	47	25	04
09-29-2010	13	44	51	52	55	30	04
09-25-2010	08	16	27	35	42	30	02
09-22-2010	10	24	36	52	55	15	05
09-18-2010	01	18	37	39	44	13	04
09-15-2010	07	20	21	34	43	34	05
09-11-2010	07	17	20	36	59	33	04
09-08-2010	10	35	39	51	57	20	05
09-04-2010	11	14	22	33	42	38	02
09-01-2010	17	20	21	40	51	19	03
08-28-2010	04	22	27	32	56	13	04
08-25-2010	16	17	29	31	36	23	03
08-21-2010	07	10	12	22	27	26	02
08-18-2010	04	32	33	47	55	39	03
08-14-2010	09	33	36	50	58	31	02
08-11-2010	07	10	22	23	52	29	02
08-07-2010	04	22	26	31	52	30	05
08-04-2010	19	28	30	37	53	36	04
07-31-2010	01	16	17	41	57	15	03
07-28-2010	01	11	20	25	27	02	05
07-24-2010	20	30	38	46	59	27	02
07-21-2010	16	22	30	51	58	25	03
07-17-2010	22	27	35	37	45	03	04
07-14-2010	20	21	23	38	42	06	03
07-10-2010	20	21	27	28	56	04	04
07-07-2010	10	41	44	48	56	04	02
07-03-2010	03	10	14	52	53	03	03
06-30-2010	06	38	43	47	48	27	05
06-26-2010	13	30	32	38	57	25	04
06-23-2010	11	30	45	47	48	10	03
06-19-2010	09	30	31	50	54	39	03
06-16-2010	08	11	18	29	36	06	05
06-12-2010	09	12	13	35	38	30	10
06-09-2010	14	22	27	32	49	05	04
06-05-2010	18	34	40	48	59	25	04
06-02-2010	04	09	14	39	43	38	04
05-29-2010	01	03	24	28	41	10	04
05-26-2010	01	06	10	13	20	32	04
05-22-2010	19	20	40	47	57	29	02
05-19-2010	02	07	29	55	58	27	03
05-15-2010	15	21	23	28	36	20	02
05-12-2010	37	51	52	53	58	38	02
05-08-2010	05	22	34	41	57	31	05
05-05-2010	13	34	40	47	57	11	04
05-01-2010	16	23	25	49	58	20	04
04-28-2010	12	22	25	28	44	24	04
04-24-2010	01	12	53	56	57	05	02
04-21-2010	11	34	41	49	55	20	02
04-17-2010	05	21	22	41	49	15	05
04-14-2010	06	14	32	38	52	20	03
04-10-2010	21	22	49	52	58	34	02
04-07-2010	04	36	40	44	52	33	02
04-03-2010	10	15	31	52	59	04	04
03-31-2010	05	13	17	45	54	12	05
03-27-2010	07	21	32	44	52	10	04
03-24-2010	14	20	24	39	49	07	03
03-20-2010	09	36	39	44	45	09	02
03-17-2010	24	26	45	48	55	08	02
03-13-2010	06	16	20	31	36	08	05
03-10-2010	17	21	37	41	50	01	02
03-06-2010	10	29	33	41	59	15	02
03-03-2010	07	09	14	45	49	23	04
02-27-2010	18	47	51	53	58	30	02
02-24-2010	04	17	35	50	57	12	02
02-20-2010	13	27	37	41	54	32	02
02-17-2010	07	08	19	26	36	15	03
02-13-2010	10	14	30	40	51	01	04
02-10-2010	05	08	29	37	38	34	05
02-06-2010	14	22	52	54	59	04	03
02-03-2010	17	22	36	37	52	24	02
01-30-2010	06	26	35	47	48	21	03
01-27-2010	06	15	20	26	31	09	05
01-23-2010	15	16	20	42	53	17	02
01-20-2010	15	32	43	44	46	19	04
01-16-2010	07	08	23	41	55	23	05
01-13-2010	08	11	15	32	50	27	03
01-09-2010	20	41	44	50	54	22	02
01-06-2010	20	27	29	56	58	31	02
01-02-2010	03	07	23	27	42	37	03
12-30-2009	05	14	38	39	52	06	03
12-26-2009	32	36	37	41	53	30	03
12-23-2009	08	32	49	51	52	23	04
12-19-2009	17	24	39	41	47	21	03
12-16-2009	13	23	25	35	43	15	05
12-12-2009	12	13	14	35	41	29	02
12-09-2009	01	05	12	13	58	21	05
12-05-2009	27	39	41	44	58	17	03
12-02-2009	14	34	37	46	55	37	04
11-28-2009	26	27	28	46	50	21	03
11-25-2009	04	13	18	49	59	05	02
11-21-2009	07	26	36	49	58	04	05
11-18-2009	32	42	50	58	59	31	04
11-14-2009	19	30	32	48	57	14	05
11-11-2009	08	12	14	22	29	22	02
11-07-2009	07	32	37	46	50	26	05
11-04-2009	10	11	14	45	51	17	03
10-31-2009	02	19	26	41	54	23	05
10-28-2009	03	11	26	46	51	23	05
10-24-2009	14	22	38	49	59	16	02
10-21-2009	06	16	34	45	51	04	02
10-17-2009	05	16	25	30	49	39	05
10-14-2009	05	15	25	30	40	06	02
10-10-2009	13	32	45	49	50	30	03
10-07-2009	02	20	21	38	50	22	03
10-03-2009	12	24	48	50	57	22	03
09-30-2009	41	42	52	54	57	30	03
09-26-2009	18	20	34	36	39	19	03
09-23-2009	07	08	20	25	29	11	05
09-19-2009	05	24	25	30	49	23	03
09-16-2009	17	37	40	51	56	25	02
09-12-2009	13	28	38	41	56	25	02
09-09-2009	04	16	18	51	53	23	04
09-05-2009	09	16	27	35	57	29	03
09-02-2009	18	23	36	47	59	36	04
08-29-2009	01	20	37	52	53	33	03
08-26-2009	01	21	23	30	43	11	03
08-22-2009	03	06	20	32	51	23	05
08-19-2009	14	24	31	43	51	27	05
08-15-2009	14	15	26	32	36	12	05
08-12-2009	10	25	32	34	47	05	03
08-08-2009	04	33	37	45	50	11	04
08-05-2009	25	34	41	46	49	29	03
08-01-2009	05	37	39	46	53	08	04
07-29-2009	02	05	38	43	59	08	02
07-25-2009	05	17	33	46	52	09	05
07-22-2009	04	06	16	22	32	11	02
07-18-2009	04	21	26	28	47	37	04
07-15-2009	26	50	51	52	57	37	05
07-11-2009	01	04	20	39	42	02	05
07-08-2009	19	42	50	53	56	39	02
07-04-2009	04	09	22	41	44	14	03
07-01-2009	09	32	38	52	53	15	02
06-27-2009	18	22	26	39	48	17	04
06-24-2009	16	18	24	51	53	16	05
06-20-2009	03	11	18	22	28	33	02
06-17-2009	05	09	37	42	53	27	05
06-13-2009	13	16	20	35	41	06	04
06-10-2009	15	26	27	42	58	37	02
06-06-2009	10	18	23	30	45	02	03
06-03-2009	16	20	22	32	37	09	02
05-30-2009	01	23	42	51	59	20	05
05-27-2009	05	06	12	16	21	07	03
05-23-2009	19	23	34	52	57	21	05
05-20-2009	23	30	31	35	42	06	02
05-16-2009	06	07	31	40	56	38	02
05-13-2009	19	30	32	37	40	37	03
05-09-2009	04	15	32	49	58	21	03
05-06-2009	07	08	12	22	31	18	05
05-02-2009	03	20	38	42	45	27	03
04-29-2009	06	19	36	50	59	13	05
04-25-2009	08	26	30	42	52	15	05
04-22-2009	15	22	30	37	48	12	02
04-18-2009	07	15	28	43	44	20	03
04-15-2009	16	22	26	27	59	05	02
04-11-2009	07	28	35	46	49	20	04
04-08-2009	01	06	48	52	56	09	05
04-04-2009	14	21	50	57	58	07	03
04-01-2009	02	09	33	41	54	14	03
03-28-2009	02	03	16	41	48	19	03
03-25-2009	10	20	23	47	54	26	02
03-21-2009	19	23	27	49	52	21	04
03-18-2009	16	26	29	41	45	01	02
03-14-2009	07	30	33	44	51	10	02
03-11-2009	03	07	13	34	47	30	05
03-07-2009	21	27	28	56	59	21	02
03-04-2009	01	06	44	49	55	36	02
02-28-2009	03	16	20	42	58	07	05
02-25-2009	17	32	42	49	56	11	04
02-21-2009	13	31	41	45	46	21	04
02-18-2009	02	15	39	44	56	15	03
02-14-2009	02	08	09	33	45	05	05
02-11-2009	05	10	22	45	49	37	02
02-07-2009	05	18	20	28	53	27	02
02-04-2009	07	24	30	32	44	18	04
01-31-2009	01	14	26	33	41	37	04
01-28-2009	05	10	18	23	32	04	04
01-24-2009	06	20	25	37	42	25	02
01-21-2009	20	26	38	46	54	23	04
01-17-2009	02	05	09	23	59	26	02
01-14-2009	08	25	34	39	46	34	05
01-10-2009	08	10	18	43	56	09	03
01-07-2009	23	31	33	38	52	24	05
01-03-2009	17	22	24	38	55	24	03
12-31-2008	07	08	11	17	53	36	05
12-27-2008	12	15	26	31	43	10	05
12-24-2008	02	17	22	32	41	08	05
12-20-2008	03	14	19	32	54	24	05
12-17-2008	07	11	18	24	30	26	04
12-13-2008	14	26	28	31	40	13	02
12-10-2008	06	15	24	37	41	37	04
12-06-2008	09	35	39	43	53	10	05
12-03-2008	16	17	21	25	55	03	05
11-29-2008	05	33	36	39	55	21	04
11-26-2008	11	26	31	34	52	14	02
11-22-2008	17	19	26	32	45	14	04
11-19-2008	08	13	38	39	45	31	04
11-15-2008	03	07	08	12	44	37	02
11-12-2008	01	18	25	29	45	02	02
11-08-2008	02	04	21	36	40	41	02
11-05-2008	04	08	18	33	36	32	02
11-01-2008	04	06	26	40	41	15	04
10-29-2008	20	30	37	50	52	33	02
10-25-2008	01	03	14	38	48	02	02
10-22-2008	10	17	33	51	52	05	03
10-18-2008	10	14	32	40	49	15	04
10-15-2008	03	13	32	38	48	13	04
10-11-2008	03	07	17	39	47	09	04
10-08-2008	02	12	17	48	54	02	04
10-04-2008	01	04	26	32	39	18	05
10-01-2008	08	09	39	43	55	26	02
09-27-2008	13	24	29	40	52	29	04
09-24-2008	05	13	21	32	36	33	05
09-20-2008	06	28	30	40	47	24	05
09-17-2008	12	23	26	32	44	20	03
09-13-2008	07	17	29	43	51	38	02
09-10-2008	14	15	28	37	53	18	02
09-06-2008	17	25	26	49	54	11	04
09-03-2008	38	40	46	49	50	34	02
08-30-2008	02	14	15	32	47	36	03
08-27-2008	13	31	36	48	49	11	02
08-23-2008	18	24	33	47	48	23	03
08-20-2008	15	16	24	35	47	26	02
08-16-2008	05	43	34	52	40	20	05
08-13-2008	05	10	19	23	31	26	04
08-09-2008	32	40	43	49	53	21	05
08-06-2008	05	24	36	37	51	19	04
08-02-2008	02	05	28	33	54	30	05
07-30-2008	03	25	45	51	55	13	03
07-26-2008	12	13	21	51	55	18	04
07-23-2008	11	14	35	41	52	02	04
07-19-2008	06	28	46	53	55	02	03
07-16-2008	03	15	23	29	42	17	04
07-12-2008	02	12	20	22	50	17	02
07-09-2008	05	07	31	49	53	14	04
07-05-2008	01	24	34	47	48	18	05
07-02-2008	04	33	46	48	52	17	05
06-25-2008	14	21	25	45	53	09	02
06-21-2008	07	08	09	31	50	31	02
06-18-2008	09	12	31	39	52	32	04
06-14-2008	09	11	20	31	50	14	04
06-11-2008	07	18	21	28	49	01	05
06-07-2008	12	26	34	44	48	09	02
06-04-2008	05	18	20	40	52	03	03
05-31-2008	03	09	14	17	25	08	04
05-28-2008	10	18	22	37	45	09	02
05-24-2008	33	40	41	51	52	06	02
05-21-2008	07	16	21	33	42	25	04
05-17-2008	12	14	15	21	43	30	03
05-14-2008	19	21	29	32	46	32	02
05-10-2008	07	18	30	41	45	06	02
05-07-2008	09	25	26	28	42	26	02
05-03-2008	02	28	36	42	46	40	03
04-30-2008	01	17	25	43	51	38	03
04-26-2008	07	12	17	27	45	24	05
04-23-2008	11	20	21	22	39	01	10
04-19-2008	13	19	24	33	39	08	03
04-16-2008	11	16	18	21	51	16	10
04-12-2008	11	29	48	52	55	36	04
04-09-2008	03	13	19	32	46	18	04
04-05-2008	12	27	30	37	47	26	05
04-02-2008	01	34	37	44	55	33	04
03-29-2008	18	20	25	31	36	07	05
03-26-2008	09	12	20	37	49	17	02
03-22-2008	07	25	28	46	48	19	03
03-19-2008	06	08	29	41	49	42	04
03-15-2008	06	22	42	43	47	16	02
03-12-2008	12	19	30	34	36	08	04
03-08-2008	17	29	31	34	49	16	02
03-05-2008	10	15	16	23	31	05	03
03-01-2008	02	19	21	31	55	19	04
02-27-2008	20	24	37	48	53	11	05
02-23-2008	08	13	23	29	47	32	03
02-20-2008	09	12	20	22	36	31	03
02-16-2008	03	04	08	20	49	18	03
02-13-2008	13	19	32	38	51	30	03
02-09-2008	04	23	24	30	43	28	05
02-06-2008	03	05	12	42	43	05	05
02-02-2008	14	16	25	26	44	30	03
01-30-2008	02	17	41	54	55	17	02
01-26-2008	11	35	39	53	54	24	02
01-23-2008	04	16	35	47	48	39	03
01-19-2008	20	23	25	27	28	02	05
01-16-2008	09	18	19	38	47	11	05
01-12-2008	23	39	43	47	53	14	03
01-09-2008	02	13	20	21	23	24	03
01-05-2008	04	11	16	33	40	09	04
01-02-2008	02	11	31	34	48	05	04
12-29-2007	08	12	17	35	49	18	04
12-26-2007	08	32	41	54	55	20	03
12-22-2007	05	10	11	34	38	21	04
12-19-2007	15	18	22	23	42	37	03
12-15-2007	22	37	47	48	50	17	03
12-12-2007	07	14	33	40	55	15	05
12-08-2007	04	08	25	29	31	41	03
12-05-2007	01	08	15	21	55	41	03
12-01-2007	07	32	39	41	55	13	02
11-28-2007	08	23	32	37	39	38	03
11-24-2007	01	07	13	23	35	19	05
11-21-2007	03	11	13	20	40	20	02
11-17-2007	17	27	49	52	53	23	03
11-14-2007	16	18	20	30	48	06	02
11-10-2007	06	22	24	26	30	12	04
11-07-2007	22	29	35	46	52	02	05
11-03-2007	01	31	38	40	53	42	02
10-31-2007	06	16	18	29	37	24	02
10-27-2007	13	25	30	40	43	12	04
10-24-2007	10	11	18	49	52	02	04
10-20-2007	10	11	37	40	54	10	03
10-17-2007	14	15	19	42	46	37	04
10-13-2007	21	30	34	36	49	42	03
10-10-2007	12	16	31	33	54	05	04
10-06-2007	08	30	32	33	51	02	03
10-03-2007	02	04	14	15	28	23	04
09-29-2007	31	33	38	49	55	39	03
09-26-2007	25	27	31	44	54	08	02
09-22-2007	04	09	18	43	55	03	03
09-19-2007	20	25	26	45	46	15	03
09-15-2007	13	16	27	48	51	21	05
09-12-2007	05	24	26	33	47	01	04
09-08-2007	07	12	28	30	48	40	02
09-05-2007	11	20	21	30	48	18	02
09-01-2007	12	19	23	37	39	13	04
08-29-2007	13	16	33	44	47	29	03
08-25-2007	02	08	23	29	35	19	03
08-22-2007	12	37	40	48	50	37	04
08-18-2007	12	15	28	31	50	12	05
08-15-2007	19	22	24	38	51	09	02
08-11-2007	01	10	11	37	40	20	04
08-08-2007	09	16	21	30	52	09	02
08-04-2007	02	23	24	27	36	03	02
08-01-2007	09	16	23	51	52	12	05
07-28-2007	15	19	24	27	47	11	05
07-25-2007	28	35	40	47	53	30	05
07-21-2007	14	30	39	43	46	14	04
07-18-2007	03	09	14	40	42	03	04
07-14-2007	01	21	30	34	36	37	05
07-11-2007	08	20	29	42	43	35	05
07-07-2007	15	21	27	41	47	20	03
07-04-2007	01	02	15	17	49	35	05
06-30-2007	24	38	39	46	47	26	03
06-27-2007	09	11	13	24	43	18	04
06-23-2007	14	15	27	43	53	28	04
06-20-2007	23	31	32	37	55	35	03
06-16-2007	04	08	32	47	51	27	05
06-13-2007	10	13	28	30	47	26	03
06-09-2007	07	10	25	32	41	22	02
06-06-2007	05	09	14	45	48	28	04
06-02-2007	02	22	32	36	47	36	05
05-30-2007	07	23	35	54	55	28	02
05-26-2007	01	05	21	46	51	29	04
05-23-2007	03	11	24	36	38	06	04
05-19-2007	03	19	21	26	45	02	02
05-16-2007	06	07	16	34	42	23	02
05-12-2007	30	44	46	51	53	25	03
05-09-2007	02	13	30	44	52	40	04
05-05-2007	13	21	29	40	50	06	02
05-02-2007	01	08	35	40	47	09	03
04-28-2007	16	22	43	46	49	10	04
04-25-2007	12	13	14	17	53	11	04
04-21-2007	22	26	28	33	45	17	04
04-18-2007	06	10	12	13	24	19	03
04-14-2007	12	21	36	38	49	18	10
04-11-2007	06	15	38	42	51	18	02
04-07-2007	02	28	31	54	55	23	04
04-04-2007	19	30	39	40	53	16	05
03-31-2007	02	05	16	36	40	36	02
03-28-2007	06	20	35	37	47	01	02
03-24-2007	10	38	40	48	53	03	05
03-21-2007	16	24	38	53	54	05	05
03-17-2007	07	17	44	47	54	03	03
03-14-2007	04	27	30	39	44	18	02
03-11-2007	14	18	34	42	43	32	05
03-07-2007	13	16	18	19	46	36	05
03-03-2007	01	05	16	22	48	06	03
02-28-2007	13	20	41	42	53	02	03
02-24-2007	36	38	42	54	55	24	03
02-21-2007	02	08	22	29	37	03	03
02-17-2007	01	15	35	37	45	32	03
02-14-2007	03	26	30	54	55	15	03
02-10-2007	02	11	16	41	42	16	03
02-07-2007	04	22	28	37	52	10	03
02-03-2007	12	13	20	33	42	37	05
01-31-2007	02	15	25	42	48	14	04
01-27-2007	10	19	26	27	32	14	05
01-24-2007	09	19	29	42	53	17	03
01-20-2007	01	05	26	32	38	30	05
01-17-2007	16	35	49	50	52	31	02
01-13-2007	01	21	23	25	26	04	02
01-10-2007	36	42	45	53	54	36	02
01-06-2007	01	24	40	49	50	38	04
01-03-2007	10	12	24	35	55	31	03
12-30-2006	09	23	28	31	36	26	05
12-27-2006	14	16	27	29	41	29	03
12-23-2006	08	27	43	52	53	05	05
12-20-2006	01	06	14	26	34	34	05
12-16-2006	05	17	28	36	51	05	04
12-13-2006	19	32	33	42	54	15	03
12-09-2006	19	22	30	34	52	40	04
12-06-2006	07	34	35	36	38	14	04
12-02-2006	17	34	42	45	50	11	03
11-29-2006	02	08	09	12	19	25	03
11-25-2006	05	18	28	49	55	38	05
11-23-2006	22	32	36	49	55	08	05
11-18-2006	01	08	19	36	42	20	02
11-15-2006	11	28	30	34	43	29	03
11-11-2006	35	38	40	49	55	41	02
11-08-2006	08	11	12	26	53	04	04
11-04-2006	12	13	34	39	44	05	05
11-01-2006	07	08	13	46	54	35	02
10-28-2006	14	22	30	38	41	12	05
10-25-2006	16	40	42	43	48	01	05
10-21-2006	09	29	31	45	55	07	04
10-18-2006	02	24	34	41	48	24	03
10-14-2006	01	15	17	26	40	19	02
10-11-2006	05	10	12	35	38	09	04
10-07-2006	03	04	08	31	45	12	05
10-04-2006	03	07	27	39	40	08	05
09-30-2006	06	15	30	32	39	05	05
09-27-2006	23	28	33	35	49	16	03
09-23-2006	13	21	26	45	50	20	04
09-20-2006	07	08	17	29	54	26	02
09-16-2006	07	08	26	27	42	12	05
09-13-2006	15	19	26	45	47	03	04
09-09-2006	03	19	20	22	47	02	02
09-06-2006	02	21	27	35	55	01	04
09-02-2006	03	08	24	28	49	25	04
08-30-2006	03	19	33	35	43	01	04
08-26-2006	24	26	38	42	46	16	05
08-23-2006	08	17	24	38	51	31	05
08-19-2006	12	22	26	29	51	09	03
08-16-2006	02	13	22	48	50	02	04
08-12-2006	13	14	18	27	54	32	05
08-09-2006	16	19	41	43	52	35	02
08-05-2006	02	03	09	48	50	23	02
08-02-2006	10	13	16	19	24	15	04
07-29-2006	14	19	26	39	55	29	04
07-26-2006	05	10	17	24	43	31	04
07-22-2006	14	40	47	54	55	06	04
07-19-2006	02	32	38	44	50	21	04
07-15-2006	20	35	36	47	50	05	04
07-12-2006	18	19	30	31	33	15	05
07-08-2006	32	37	44	49	50	13	04
07-05-2006	26	39	41	52	53	20	02
07-01-2006	02	31	35	40	42	34	03
06-28-2006	02	08	16	45	51	32	05
06-24-2006	08	11	30	39	47	23	03
06-21-2006	11	19	22	43	45	34	03
06-17-2006	10	20	22	39	48	25	04
06-14-2006	04	14	15	40	48	12	03
06-10-2006	16	24	26	36	54	11	03
06-07-2006	04	10	20	26	40	08	05
06-03-2006	05	06	18	20	50	35	05
05-31-2006	10	20	22	43	49	03	05
05-27-2006	06	23	27	41	47	19	03
05-24-2006	02	03	12	47	51	10	03
05-20-2006	02	09	23	44	45	38	02
05-17-2006	15	17	24	26	35	38	04
05-13-2006	19	28	30	47	54	13	03
05-10-2006	03	04	11	37	44	24	03
05-06-2006	12	23	25	32	38	27	02
05-03-2006	04	06	19	38	42	37	02
04-29-2006	19	30	35	40	41	14	05
04-26-2006	12	24	26	48	55	14	04
04-22-2006	04	05	06	18	27	24	05
04-19-2006	05	28	32	34	53	10	04
04-15-2006	13	18	23	28	46	33	03
04-12-2006	16	26	34	35	41	24	04
04-08-2006	04	23	35	43	44	35	03
04-05-2006	03	09	24	29	39	42	02
04-01-2006	01	10	23	50	55	29	03
03-29-2006	02	14	24	28	54	13	02
03-25-2006	20	34	37	39	45	32	04
03-22-2006	18	22	23	38	45	31	02
03-18-2006	01	25	34	36	42	19	02
03-11-2006	16	35	37	52	54	33	10
03-10-2006	10	29	33	41	59	15	02
03-08-2006	01	05	07	21	43	20	05
03-04-2006	13	22	27	52	55	26	05
03-01-2006	10	25	35	38	41	23	05
02-25-2006	03	37	46	48	51	22	04
02-22-2006	09	23	47	53	55	39	02
02-18-2006	15	17	43	44	48	29	04
02-15-2006	03	13	35	39	40	37	05
02-11-2006	07	38	40	51	52	14	04
02-08-2006	14	25	32	48	54	10	05
02-04-2006	04	12	13	30	38	30	04
02-01-2006	11	13	30	35	55	37	04
01-28-2006	14	15	26	28	36	36	03
01-25-2006	10	37	43	50	52	14	05
01-21-2006	03	18	39	43	54	41	03
01-18-2006	15	29	38	52	53	07	02
01-14-2006	06	14	40	46	49	17	05
01-11-2006	03	06	14	17	18	14	02
01-07-2006	02	16	21	32	43	06	04
01-04-2006	10	23	42	48	54	03	04
12-28-2005	12	15	30	46	54	01	03
12-24-2005	04	10	33	34	50	14	02
12-21-2005	09	12	16	23	43	37	03
12-17-2005	24	36	44	46	53	18	05
12-14-2005	08	15	16	45	51	11	05
12-10-2005	03	21	34	42	45	39	04
12-07-2005	19	30	41	45	54	14	05
12-03-2005	02	15	26	37	42	36	03
11-30-2005	19	23	27	42	52	01	05
11-26-2005	28	34	37	45	53	32	05
11-23-2005	09	12	24	25	27	33	04
11-19-2005	08	15	20	41	54	22	03
11-16-2005	05	18	20	21	44	27	03
11-12-2005	17	37	41	48	55	39	04
11-09-2005	05	13	14	31	49	30	02
11-05-2005	07	25	29	37	50	17	04
11-02-2005	06	11	14	27	41	38	05
10-29-2005	14	19	22	41	50	21	04
10-26-2005	02	10	39	42	43	23	03
10-22-2005	06	07	36	51	53	17	05
10-19-2005	07	21	43	44	49	29	05
10-15-2005	01	07	08	34	45	15	03
10-12-2005	04	09	18	51	54	10	05
10-08-2005	26	31	35	46	50	28	05
10-05-2005	02	15	25	30	45	17	05
10-01-2005	08	18	38	45	54	23	05
09-28-2005	07	22	27	48	50	17	02
09-24-2005	02	10	31	43	55	14	05
09-21-2005	03	28	34	35	50	08	03
09-17-2005	05	09	27	49	52	06	02
09-14-2005	21	24	42	49	50	01	04
09-10-2005	08	10	11	48	50	16	04
09-07-2005	12	32	40	50	54	37	03
09-03-2005	01	03	30	31	43	36	04
08-31-2005	13	17	19	41	50	13	02
08-27-2005	08	22	31	39	44	11	05
08-24-2005	09	11	26	35	51	32	05
08-20-2005	13	27	28	29	49	36	04
08-17-2005	03	08	30	43	53	15	05
08-13-2005	01	02	18	37	43	37	04
08-10-2005	13	31	36	38	49	02	05
08-06-2005	01	09	19	36	53	33	03
08-03-2005	05	19	24	28	39	24	05
07-30-2005	08	14	35	38	46	24	05
07-27-2005	01	04	10	13	29	03	05
07-23-2005	13	16	20	28	32	36	05
07-20-2005	06	07	32	39	51	31	02
07-16-2005	08	32	33	41	50	22	05
07-13-2005	04	05	13	23	43	34	04
07-09-2005	08	09	39	47	53	04	05
07-06-2005	02	12	25	30	48	38	04
07-02-2005	09	10	29	39	52	20	04
06-29-2005	03	08	22	42	49	39	05
06-25-2005	07	28	31	32	40	14	02
06-22-2005	09	13	23	42	51	15	05
06-18-2005	05	08	10	16	24	05	05
06-15-2005	14	20	22	39	44	14	05
06-11-2005	03	10	14	24	46	37	03
06-08-2005	10	36	40	42	43	42	05
06-04-2005	07	16	38	44	48	18	04
06-01-2005	15	34	39	42	50	12	02
05-28-2005	05	07	24	28	39	36	04
05-25-2005	27	29	31	42	46	33	02
05-21-2005	02	05	07	10	30	23	02
05-18-2005	07	13	17	20	35	35	05
05-14-2005	21	29	38	49	52	42	02
05-11-2005	05	25	46	48	49	06	05
05-07-2005	21	23	39	44	47	19	02
05-04-2005	10	21	27	33	40	02	02
04-30-2005	08	15	17	32	42	24	04
04-27-2005	11	13	18	32	42	04	05
04-23-2005	08	09	13	15	50	09	03
04-20-2005	07	16	33	34	46	27	05
04-16-2005	11	38	44	45	51	41	02
04-13-2005	06	13	37	51	52	25	05
04-09-2005	01	11	35	46	53	29	03
04-06-2005	05	11	14	22	51	17	03
04-02-2005	05	09	11	17	46	39	05
03-30-2005	22	28	32	33	39	42	05
03-26-2005	09	12	35	41	51	36	05
03-23-2005	23	29	37	40	45	38	05
03-19-2005	01	21	28	32	41	09	04
03-16-2005	11	19	25	38	50	35	02
03-12-2005	07	23	40	46	52	41	05
03-09-2005	10	17	20	23	45	31	03
03-05-2005	09	13	27	40	53	28	02
03-02-2005	03	10	18	46	48	08	05
02-26-2005	08	22	30	33	49	06	05
02-23-2005	04	10	15	48	51	13	04
02-19-2005	12	15	18	27	52	36	03
02-16-2005	21	25	27	41	48	25	05
02-12-2005	18	21	28	49	50	16	05
02-09-2005	09	10	15	18	29	09	05
02-05-2005	11	34	37	44	47	23	05
02-02-2005	10	11	16	40	44	02	05
01-29-2005	11	16	20	29	41	12	05
01-26-2005	05	32	43	47	48	33	02
01-22-2005	11	23	32	33	34	38	04
01-19-2005	09	18	32	33	49	27	03
01-15-2005	21	26	37	49	51	25	05
01-12-2005	21	23	27	38	50	38	05
01-08-2005	09	11	22	24	43	02	04
01-05-2005	04	07	10	30	37	37	05
01-01-2005	22	23	26	44	47	12	05
12-29-2004	24	29	33	38	44	07	05
12-25-2004	29	32	39	45	53	16	03
12-22-2004	02	07	11	24	31	18	05
12-18-2004	01	25	29	30	45	12	03
12-15-2004	01	06	11	38	53	11	04
12-11-2004	06	07	16	41	53	23	05
12-08-2004	13	17	35	45	50	02	02
12-04-2004	06	09	16	22	30	04	04
12-01-2004	03	28	36	38	44	01	04
11-27-2004	16	28	35	36	47	31	02
11-24-2004	03	19	47	49	53	04	04
11-20-2004	04	29	45	48	50	01	02
11-17-2004	15	25	31	36	46	37	02
11-13-2004	05	06	26	33	34	13	05
11-10-2004	14	21	29	43	45	26	02
11-06-2004	18	22	33	38	40	19	03
11-03-2004	11	35	43	45	48	42	04
10-30-2004	20	27	30	40	48	11	02
10-27-2004	11	17	40	44	51	21	05
10-23-2004	15	24	49	50	52	40	05
10-20-2004	01	11	17	41	46	24	05
10-16-2004	05	20	22	36	42	11	02
10-13-2004	05	14	17	45	46	41	04
10-09-2004	01	03	10	47	48	27	03
10-06-2004	05	06	19	44	50	28	04
10-02-2004	02	13	29	32	35	04	04
09-29-2004	16	28	33	35	37	17	03
09-25-2004	11	25	40	41	48	03	05
09-22-2004	06	14	34	37	40	07	05
09-18-2004	02	14	27	31	36	09	04
09-15-2004	01	08	17	28	50	20	04
09-11-2004	25	34	36	46	49	09	02
09-08-2004	02	04	28	33	52	18	03
09-04-2004	13	15	25	26	46	28	02
09-01-2004	31	33	44	45	51	31	04
08-28-2004	06	30	35	39	45	31	03
08-25-2004	01	30	32	37	50	19	05
08-21-2004	03	16	27	39	40	03	05
08-18-2004	31	33	35	40	42	40	02
08-14-2004	04	10	11	18	43	41	03
08-11-2004	05	10	29	33	51	35	05
08-07-2004	08	09	16	34	48	08	05
08-04-2004	11	22	26	37	51	21	05
07-31-2004	14	31	35	45	47	35	03
07-28-2004	04	19	39	40	50	22	03
07-24-2004	02	03	13	29	52	25	04
07-21-2004	03	31	38	42	46	02	05
07-17-2004	20	23	36	45	50	09	03
07-14-2004	09	24	45	49	50	37	03
07-10-2004	16	17	23	26	44	13	04
07-07-2004	18	25	30	34	41	10	05
07-03-2004	03	08	12	30	47	23	04
06-30-2004	02	29	31	45	47	04	05
06-26-2004	09	17	32	41	47	08	05
06-23-2004	09	12	16	20	39	01	05
06-19-2004	02	09	36	37	48	16	02
06-16-2004	16	18	26	39	48	22	05
06-12-2004	06	20	43	48	52	28	03
06-09-2004	01	31	33	37	50	40	02
06-05-2004	05	26	39	41	42	39	05
06-02-2004	05	06	12	26	29	30	05
05-29-2004	01	16	30	32	39	02	05
05-26-2004	03	10	31	35	38	16	02
05-22-2004	01	07	36	42	49	41	05
05-19-2004	14	15	31	37	41	31	05
05-15-2004	01	26	27	43	46	31	02
05-12-2004	11	31	35	42	45	35	04
05-08-2004	03	09	17	37	43	39	04
05-05-2004	09	16	21	25	32	08	03
05-01-2004	01	10	34	39	47	33	03
04-28-2004	27	34	42	49	52	23	02
04-24-2004	02	13	22	35	44	28	02
04-21-2004	08	11	34	42	51	27	04
04-17-2004	04	29	34	41	42	11	05
04-14-2004	01	06	20	22	38	22	03
04-10-2004	02	09	30	47	48	40	02
04-07-2004	02	07	16	35	37	10	05
04-03-2004	06	07	26	32	43	13	03
03-31-2004	15	31	34	39	50	35	03
03-27-2004	02	15	17	30	34	32	02
03-24-2004	18	20	39	43	47	31	05
03-20-2004	02	14	24	27	44	06	05
03-17-2004	07	15	20	24	43	05	04
03-13-2004	11	44	45	48	50	02	03
03-10-2004	10	20	22	41	49	06	05
03-06-2004	09	17	46	49	51	09	05
03-03-2004	05	11	17	23	53	34	02
02-28-2004	06	25	26	52	53	40	02
02-25-2004	04	05	11	17	47	35	05
02-21-2004	15	22	26	48	53	14	05
02-18-2004	04	24	36	44	50	02	04
02-14-2004	10	24	25	35	43	32	05
02-11-2004	05	16	28	50	52	04	04
02-07-2004	31	34	35	39	46	03	02
02-04-2004	07	12	17	25	32	33	02
01-31-2004	03	06	27	37	41	38	04
01-28-2004	08	13	17	39	48	34	04
01-24-2004	01	05	37	38	53	31	03
01-21-2004	13	17	34	41	45	17	04
01-17-2004	08	09	32	45	48	15	05
01-14-2004	12	33	40	44	50	40	05
01-10-2004	02	13	19	27	50	05	05
01-07-2004	04	07	14	18	44	25	03
01-03-2004	04	05	22	41	42	02	04
12-31-2003	05	07	18	28	35	01	03
12-27-2003	16	17	32	34	43	31	05
12-24-2003	01	06	31	34	44	25	03
12-20-2003	12	20	24	25	48	37	04
12-17-2003	15	18	19	21	43	07	05
12-13-2003	17	19	25	26	44	19	03
12-10-2003	04	17	26	37	40	15	04
12-06-2003	21	24	37	41	45	39	05
12-03-2003	01	10	35	37	43	30	04
11-29-2003	14	36	39	43	51	15	05
11-26-2003	01	03	16	37	41	19	05
11-22-2003	09	12	17	29	45	04	02
11-19-2003	16	26	36	42	47	33	04
11-15-2003	08	20	22	32	52	39	05
11-12-2003	07	11	19	20	22	01	04
11-08-2003	05	08	24	38	52	22	05
11-05-2003	06	20	27	38	39	31	05
11-01-2003	16	19	34	37	47	18	05
10-29-2003	08	19	22	34	53	29	03
10-25-2003	06	17	45	47	48	04	03
10-22-2003	03	25	27	28	53	35	05
10-18-2003	22	25	33	34	35	14	05
10-15-2003	06	09	29	39	52	08	05
10-11-2003	11	14	21	32	45	21	02
10-08-2003	01	06	07	08	25	18	05
10-04-2003	08	13	29	44	48	36	03
10-01-2003	04	05	19	21	50	41	02
09-27-2003	09	20	30	41	48	29	05
09-24-2003	17	19	20	28	47	37	04
09-20-2003	11	13	28	31	33	29	04
09-17-2003	02	19	24	32	34	02	05
09-13-2003	06	10	19	28	32	39	05
09-10-2003	03	17	29	30	33	34	05
09-06-2003	06	15	18	20	41	17	05
09-03-2003	06	09	19	24	40	31	05
08-30-2003	09	35	36	41	49	33	03
08-27-2003	24	31	36	42	46	32	05
08-23-2003	01	39	46	50	51	07	05
08-20-2003	08	22	35	46	48	15	05
08-16-2003	13	15	20	37	42	07	05
08-13-2003	26	31	35	44	48	32	02
08-09-2003	18	23	25	26	40	15	04
08-06-2003	11	14	26	31	48	30	02
08-02-2003	17	40	41	42	46	25	03
07-30-2003	18	22	26	31	49	28	02
07-26-2003	09	10	30	32	34	11	03
07-23-2003	04	16	34	37	51	38	05
07-19-2003	14	29	30	34	48	01	05
07-16-2003	18	27	28	30	49	20	05
07-12-2003	06	16	50	51	52	23	04
07-09-2003	19	21	26	31	51	40	03
07-05-2003	05	17	25	37	49	21	02
07-02-2003	16	17	24	26	45	36	05
06-28-2003	07	09	14	41	44	25	04
06-25-2003	05	26	35	43	50	04	04
06-21-2003	15	19	27	36	44	17	05
06-18-2003	19	20	21	45	46	20	04
06-14-2003	12	26	40	42	50	03	05
06-11-2003	12	16	43	44	46	38	02
06-07-2003	11	17	26	27	40	06	03
06-04-2003	02	14	24	26	53	01	02
05-31-2003	10	26	30	46	52	35	03
05-28-2003	06	16	17	19	38	16	05
05-24-2003	10	42	48	49	50	42	05
05-21-2003	04	30	32	35	41	09	02
05-17-2003	05	13	18	42	50	04	02
05-14-2003	20	33	34	45	52	21	05
05-10-2003	01	02	06	10	20	38	04
05-07-2003	13	18	34	35	51	28	05
05-03-2003	14	21	39	40	47	06	05
04-30-2003	07	13	17	32	33	35	04
04-26-2003	05	11	13	22	36	31	04
04-23-2003	14	15	23	31	51	34	02
04-19-2003	10	18	40	46	48	30	05
04-16-2003	04	25	39	41	50	31	05
04-12-2003	17	27	28	35	52	02	05
04-09-2003	06	28	35	38	51	41	02
04-05-2003	07	14	23	46	49	20	05
04-02-2003	12	17	35	47	50	13	04
03-29-2003	02	09	17	25	36	08	02
03-26-2003	10	28	31	40	52	41	05
03-22-2003	05	29	31	47	49	25	03
03-19-2003	19	37	40	47	51	40	05
03-15-2003	12	30	41	45	52	35	05
03-12-2003	05	24	25	44	52	20	03
03-08-2003	01	05	20	21	45	24	03
03-05-2003	02	24	28	37	44	06	02
03-01-2003	06	07	27	28	41	03	05
02-26-2003	10	23	27	31	34	11	02
02-22-2003	02	05	06	09	10	26	02
02-19-2003	06	11	16	17	44	26	05
02-15-2003	01	26	29	38	42	30	02
02-12-2003	07	12	19	47	49	06	04
02-08-2003	02	13	20	21	23	35	05
02-05-2003	02	05	07	09	48	32	05
02-01-2003	02	11	16	21	39	42	05
01-29-2003	10	12	27	30	53	28	05
01-25-2003	10	12	15	49	51	21	05
01-22-2003	20	28	30	40	43	03	03
01-18-2003	04	17	34	48	52	10	04
01-15-2003	04	17	30	42	44	15	05
01-11-2003	09	45	46	48	51	02	05
01-08-2003	16	22	26	44	46	20	03
01-04-2003	01	11	37	39	40	23	02
01-01-2003	18	34	42	43	53	17	05
12-28-2002	02	15	38	43	50	29	05
12-25-2002	05	14	16	29	53	07	04
12-21-2002	05	22	34	39	52	30	05
12-18-2002	02	14	33	50	52	22	05
12-14-2002	08	17	24	42	44	37	02
12-11-2002	06	12	14	22	33	21	03
12-07-2002	03	17	27	32	48	01	02
12-04-2002	13	20	21	35	40	35	04
11-30-2002	01	04	19	21	29	08	02
11-27-2002	01	20	25	40	53	19	05
11-23-2002	15	16	19	21	49	05	04
11-20-2002	14	21	22	29	44	03	03
11-16-2002	32	33	35	40	51	01	02
11-13-2002	18	23	31	38	50	20	05
11-09-2002	30	36	38	40	53	08	05
11-06-2002	09	11	12	17	19	23	05
11-02-2002	08	15	32	34	35	34	04
10-30-2002	09	16	19	23	41	12	05
10-26-2002	12	14	27	33	39	41	03
10-23-2002	02	14	18	30	31	36	05
10-19-2002	04	18	20	25	42	29	04
10-16-2002	08	11	24	31	37	41	05
10-12-2002	23	26	46	49	52	28	05
10-09-2002	09	10	38	42	43	05	04
10-05-2002	14	19	22	39	43	12	02
10-02-2002	02	04	05	38	43	34	02
09-28-2002	12	22	24	31	35	08	03
09-25-2002	01	12	23	36	49	09	02
09-21-2002	03	11	28	40	45	33	05
09-18-2002	06	27	32	42	44	10	05
09-14-2002	05	14	26	31	40	29	04
09-11-2002	03	06	26	39	48	28	03
09-07-2002	06	12	19	24	34	18	05
09-04-2002	15	18	26	31	36	20	05
08-31-2002	12	14	22	29	41	41	05
08-28-2002	24	30	36	37	38	42	02
08-24-2002	05	10	18	24	45	20	05
08-21-2002	01	06	43	47	48	36	01
08-17-2002	03	26	33	42	46	41	03
08-14-2002	04	16	19	33	41	29	02
08-10-2002	11	16	21	27	35	31	05
08-07-2002	13	35	40	46	47	35	04
08-03-2002	13	19	24	33	34	41	05
07-31-2002	02	04	06	22	34	26	04
07-27-2002	02	05	17	22	44	30	01
07-24-2002	16	19	22	34	37	20	04
07-20-2002	02	03	06	13	26	10	01
07-17-2002	10	11	25	40	45	25	05
07-13-2002	03	22	37	42	49	08	03
07-10-2002	26	31	37	43	45	32	05
07-06-2002	02	09	27	36	39	13	03
07-03-2002	07	19	38	48	49	10	05
06-29-2002	04	33	35	36	45	22	05
06-26-2002	06	09	17	23	24	14	04
06-22-2002	01	16	26	37	48	09	02
06-19-2002	01	03	04	07	11	23	03
06-15-2002	07	08	16	42	43	15	03
06-12-2002	13	18	27	39	49	20	01
06-08-2002	26	37	42	46	48	38	03
06-05-2002	01	18	21	36	47	33	02
06-01-2002	02	06	17	19	27	02	03
05-29-2002	18	28	31	35	49	13	01
05-25-2002	09	29	30	33	42	27	04
05-22-2002	05	20	22	23	34	19	01
05-18-2002	02	18	25	31	32	01	02
05-15-2002	30	33	36	37	49	35	05
05-11-2002	03	15	16	36	40	22	01
05-08-2002	06	11	25	28	34	35	03
05-04-2002	06	07	09	12	20	20	05
05-01-2002	03	26	32	45	48	06	05
04-27-2002	01	09	12	18	33	14	01
04-24-2002	01	13	16	33	43	01	02
04-20-2002	27	34	40	42	44	08	04
04-17-2002	02	03	22	23	36	22	02
04-13-2002	16	22	32	33	38	13	04
04-10-2002	07	12	17	29	48	21	03
04-06-2002	15	16	22	30	35	20	05
04-03-2002	08	14	17	29	36	03	01
03-30-2002	08	13	16	19	29	37	01
03-27-2002	15	35	40	43	46	33	03
03-23-2002	01	02	10	39	48	13	01
03-20-2002	04	20	25	30	49	37	05
03-16-2002	10	16	37	38	45	14	05
03-13-2002	04	27	28	33	49	39	02
03-09-2002	02	12	38	44	49	19	03
03-06-2002	05	07	15	30	38	02	05
03-02-2002	06	22	25	36	46	34	04
02-27-2002	01	02	06	19	45	27	04
02-23-2002	08	15	19	21	38	33	01
02-20-2002	08	09	19	22	25	11	05
02-16-2002	19	31	32	42	45	06	05
02-13-2002	02	10	33	38	43	19	04
02-09-2002	17	21	30	35	36	12	01
02-06-2002	10	24	28	34	35	32	03
02-02-2002	12	19	27	43	45	28	01
01-30-2002	07	09	15	21	40	18	02
01-26-2002	05	14	15	22	30	31	04
01-23-2002	14	18	30	32	47	36	05
01-19-2002	21	23	35	41	49	05	02
01-16-2002	24	31	34	40	47	30	02
01-12-2002	13	19	22	41	47	05	03
01-09-2002	07	39	40	42	43	04	05
01-05-2002	07	08	14	17	32	15	05
01-02-2002	23	36	42	44	46	33	03
12-29-2001	10	15	27	43	45	31	02
12-26-2001	08	19	23	39	41	21	03
12-22-2001	14	24	27	33	34	06	03
12-19-2001	20	26	35	36	43	23	04
12-15-2001	08	11	13	22	37	17	04
12-12-2001	04	20	35	43	47	27	04
12-08-2001	17	26	31	35	48	35	02
12-05-2001	08	09	13	14	21	37	03
12-01-2001	06	38	41	46	48	37	02
11-28-2001	05	15	18	24	48	16	02
11-24-2001	10	12	27	37	42	30	05
11-21-2001	27	28	31	38	41	13	01
11-17-2001	01	07	10	27	35	34	04
11-14-2001	04	17	28	30	40	03	01
11-10-2001	07	13	16	33	38	13	04
11-07-2001	02	04	06	17	25	31	01
11-03-2001	06	14	36	37	49	20	03
10-31-2001	02	16	18	35	40	41	05
10-27-2001	01	10	17	28	45	20	05
10-24-2001	06	15	24	27	42	32	05
10-20-2001	07	16	33	40	47	33	02
10-17-2001	05	07	29	40	46	05	01
10-13-2001	37	40	41	46	48	20	02
10-10-2001	01	07	08	16	19	37	05
10-06-2001	01	05	09	21	31	12	01
10-03-2001	02	20	23	35	49	25	05
09-29-2001	02	15	21	29	47	12	04
09-26-2001	18	26	30	35	44	19	04
09-22-2001	23	27	34	39	42	40	01
09-19-2001	21	26	28	31	41	29	05
09-15-2001	19	28	33	43	49	23	03
09-12-2001	13	25	35	39	47	01	03
09-08-2001	06	12	13	28	48	26	03
09-05-2001	14	18	24	33	42	08	05
09-01-2001	07	24	27	30	44	29	01
08-29-2001	04	09	32	35	49	28	03
08-25-2001	08	17	22	42	47	21	02
08-22-2001	02	28	30	36	39	10	03
08-18-2001	03	14	20	22	48	17	01
08-15-2001	29	37	40	43	44	06	05
08-11-2001	11	14	20	25	41	08	04
08-08-2001	02	10	25	37	41	02	02
08-04-2001	16	20	24	26	46	09	03
08-01-2001	24	25	26	34	39	31	04
07-28-2001	04	23	33	36	45	29	01
07-25-2001	16	23	29	37	39	17	02
07-21-2001	03	15	19	20	27	20	05
07-18-2001	04	09	26	31	49	02	02
07-14-2001	01	13	15	27	41	02	04
07-11-2001	10	16	18	24	26	13	05
07-07-2001	03	09	22	34	46	17	01
07-04-2001	03	25	26	28	30	10	03
06-30-2001	03	06	33	34	39	15	02
06-27-2001	03	07	13	16	35	22	03
06-23-2001	06	35	38	40	42	36	02
06-20-2001	05	09	14	18	49	32	01
06-16-2001	02	13	17	44	45	14	01
06-13-2001	09	32	34	36	41	14	02
06-09-2001	20	23	37	42	43	27	03
06-06-2001	10	20	21	40	45	22	01
06-02-2001	10	17	26	45	48	38	05
05-30-2001	11	12	28	36	43	09	01
05-26-2001	09	10	21	24	40	36	04
05-23-2001	19	21	32	34	49	38	02
05-19-2001	06	10	21	47	49	02	02
05-16-2001	12	13	20	28	44	17	05
05-12-2001	11	16	28	29	36	21	05
05-09-2001	09	14	19	22	49	34	02
05-05-2001	07	09	19	20	45	05	02
05-02-2001	02	19	30	36	42	19	02
04-28-2001	01	11	20	34	39	37	05
04-25-2001	14	26	28	29	39	39	01
04-21-2001	05	24	25	30	38	40	02
04-18-2001	06	11	18	20	44	39	03
04-14-2001	03	08	16	29	30	04	02
04-11-2001	04	21	32	39	41	31	03
04-07-2001	18	20	31	37	41	01	04
04-04-2001	05	12	13	16	43	11	03
03-31-2001	11	27	37	39	41	42	02
03-28-2001	04	12	27	31	43	20	05
03-24-2001	02	28	37	40	49	22	05
03-21-2001	13	14	18	20	21	16	01
03-17-2001	15	16	18	20	36	18	05
03-14-2001	12	22	27	42	49	34	02
03-10-2001	12	19	26	30	33	11	03
03-07-2001	09	23	32	40	45	31	05
03-03-2001	08	09	23	36	44	15	00
02-28-2001	01	03	09	46	47	22	00
02-24-2001	29	30	34	41	49	37	00
02-21-2001	04	10	32	39	45	25	00
02-14-2001	05	18	29	41	42	16	00
02-10-2001	16	38	41	46	47	25	00
02-07-2001	04	06	07	31	33	20	00
02-03-2001	21	27	29	41	44	09	00
01-31-2001	15	21	27	37	47	16	00
01-27-2001	08	19	32	41	45	37	00
01-24-2001	31	34	39	42	49	26	00
01-20-2001	01	11	25	29	36	40	00
01-17-2001	09	16	28	31	42	36	00
01-13-2001	14	19	23	29	42	26	00
01-10-2001	06	09	22	23	35	06	00
01-06-2001	01	22	24	39	43	26	00
01-03-2001	09	19	29	38	49	20	00
01-02-2001	05	13	30	22	16	07	00
12-30-2000	23	26	29	38	46	35	00
12-27-2000	15	22	24	32	39	18	00
12-23-2000	06	11	15	22	27	27	00
12-20-2000	04	07	31	34	41	28	00
12-16-2000	02	26	33	34	39	23	00
12-13-2000	06	10	19	38	43	41	00
12-09-2000	08	10	14	41	42	20	00
12-06-2000	07	15	20	23	45	17	00
12-02-2000	11	14	22	38	41	39	00
11-29-2000	01	04	20	27	29	17	00
11-25-2000	02	37	38	39	42	22	00
11-22-2000	05	18	40	44	47	34	00
11-18-2000	03	27	31	32	41	33	00
11-15-2000	12	26	32	41	46	18	00
11-11-2000	04	12	21	38	46	37	00
11-08-2000	13	17	37	45	49	04	00
11-04-2000	05	09	22	34	42	02	00
11-01-2000	04	10	14	29	39	10	00
10-28-2000	06	11	32	37	47	13	00
10-25-2000	03	05	20	45	46	37	00
10-21-2000	13	19	24	44	45	16	00
10-18-2000	17	21	28	42	43	25	00
10-14-2000	14	16	18	22	41	37	00
10-11-2000	26	32	41	44	45	35	00
10-07-2000	04	07	27	34	39	01	00
10-04-2000	03	16	24	34	48	03	00
09-30-2000	19	24	32	43	44	39	00
09-27-2000	24	32	42	44	47	15	00
09-23-2000	01	17	27	35	36	31	00
09-20-2000	17	21	23	33	45	11	00
09-16-2000	01	19	40	47	49	14	00
09-13-2000	02	13	21	22	47	31	00
09-09-2000	14	18	20	29	42	02	00
09-06-2000	04	06	12	28	42	06	00
09-02-2000	05	14	20	22	26	35	00
08-30-2000	04	25	29	36	46	08	00
08-26-2000	16	22	27	40	43	05	00
08-23-2000	20	28	40	43	47	31	00
08-19-2000	10	13	17	23	36	23	00
08-16-2000	15	16	27	44	47	14	00
08-12-2000	06	31	38	46	47	21	00
08-09-2000	11	17	18	19	28	34	00
08-05-2000	13	28	32	33	38	14	00
08-02-2000	12	27	33	42	49	31	00
07-29-2000	11	24	26	38	41	07	00
07-26-2000	03	20	22	37	44	36	00
07-22-2000	02	12	15	33	41	33	00
07-19-2000	05	08	18	36	38	40	00
07-15-2000	05	08	21	46	49	34	00
07-12-2000	06	09	10	26	48	10	00
07-08-2000	02	07	10	34	39	12	00
07-05-2000	10	14	18	32	33	02	00
07-01-2000	13	14	22	32	42	26	00
06-28-2000	13	24	27	30	45	18	00
06-24-2000	02	13	26	27	49	04	00
06-21-2000	01	24	27	28	43	25	00
06-17-2000	06	15	25	44	47	07	00
06-14-2000	21	23	32	34	42	05	00
06-10-2000	02	16	32	40	47	15	00
06-07-2000	19	39	45	46	49	17	00
06-03-2000	13	14	15	31	37	10	00
05-31-2000	15	16	22	42	43	11	00
05-27-2000	02	22	29	30	44	36	00
05-24-2000	07	19	43	46	47	04	00
05-20-2000	05	17	40	44	48	26	00
05-17-2000	16	17	20	28	49	34	00
05-13-2000	01	03	27	38	42	24	00
05-10-2000	08	18	20	31	47	11	00
05-06-2000	04	27	29	39	41	16	00
05-03-2000	05	13	34	41	48	07	00
04-29-2000	12	14	26	35	36	37	00
04-26-2000	05	10	17	24	37	15	00
04-22-2000	03	05	09	42	48	35	00
04-19-2000	03	08	09	20	49	22	00
04-15-2000	15	26	28	40	48	09	00
04-12-2000	04	06	20	25	31	06	00
04-08-2000	04	09	12	33	48	18	00
04-05-2000	06	08	11	18	39	40	00
04-01-2000	03	04	13	29	38	21	00
03-29-2000	12	32	37	40	49	37	00
03-25-2000	06	30	43	45	48	32	00
03-22-2000	03	12	30	41	46	32	00
03-18-2000	12	30	39	43	46	10	00
03-15-2000	14	15	19	38	44	20	00
03-11-2000	02	11	23	28	31	39	00
03-08-2000	11	14	17	25	36	38	00
03-04-2000	03	06	08	43	48	01	00
03-01-2000	21	22	29	30	38	39	00
02-26-2000	07	09	23	37	49	07	00
02-23-2000	12	16	20	26	32	35	00
02-19-2000	14	23	24	45	48	21	00
02-16-2000	09	10	12	31	41	37	00
02-12-2000	21	24	37	44	45	24	00
02-09-2000	05	29	36	40	49	30	00
02-05-2000	06	11	34	41	44	20	00
02-02-2000	06	10	12	16	29	33	00
01-29-2000	06	08	28	32	47	26	00
01-26-2000	18	25	30	43	46	18	00
01-22-2000	04	16	32	34	41	25	00
01-19-2000	12	31	35	37	44	34	00
01-15-2000	01	06	21	33	40	28	00
01-12-2000	09	32	38	41	44	27	00
01-08-2000	07	28	35	40	48	14	00
01-05-2000	05	15	16	28	32	39	00
01-01-2000	09	13	23	36	45	39	00
12-29-1999	03	11	14	16	43	10	00
12-25-1999	06	19	29	39	44	28	00
12-22-1999	11	13	23	42	43	18	00
12-18-1999	02	03	15	25	43	25	00
12-15-1999	19	32	33	35	47	26	00
12-11-1999	06	10	31	47	48	29	00
12-08-1999	13	34	40	44	47	24	00
12-04-1999	05	22	25	36	38	37	00
12-01-1999	03	14	20	32	47	02	00
11-27-1999	03	16	24	28	38	28	00
11-24-1999	02	04	15	37	43	40	00
11-20-1999	05	06	18	42	44	03	00
11-17-1999	11	20	27	43	48	12	00
11-13-1999	13	16	26	32	34	24	00
11-10-1999	13	19	31	40	43	36	00
11-06-1999	05	08	12	25	40	28	00
11-03-1999	01	03	07	08	26	07	00
10-30-1999	10	26	33	37	41	21	00
10-27-1999	17	20	24	31	39	21	00
10-23-1999	12	15	27	32	37	11	00
10-20-1999	02	16	19	20	29	13	00
10-16-1999	05	12	18	22	40	21	00
10-13-1999	15	23	38	43	44	38	00
10-09-1999	08	20	27	39	43	01	00
10-06-1999	06	07	15	38	42	42	00
10-02-1999	12	15	25	35	48	30	00
09-29-1999	11	22	29	41	46	42	00
09-25-1999	15	32	33	36	41	07	00
09-22-1999	08	33	35	38	47	08	00
09-18-1999	02	08	26	34	46	30	00
09-15-1999	01	12	37	42	48	31	00
09-11-1999	04	32	33	37	42	25	00
09-08-1999	08	15	22	39	43	22	00
09-04-1999	14	22	23	26	34	29	00
09-01-1999	09	32	36	37	39	14	00
08-28-1999	14	18	25	38	39	07	00
08-25-1999	11	13	21	34	45	30	00
08-21-1999	02	17	28	42	45	20	00
08-18-1999	05	08	09	26	41	19	00
08-14-1999	01	05	06	39	45	14	00
08-11-1999	05	07	10	12	43	07	00
08-07-1999	01	42	44	45	49	01	00
08-04-1999	04	18	24	33	35	34	00
07-31-1999	18	26	43	45	46	29	00
07-28-1999	22	23	25	31	32	25	00
07-24-1999	04	23	33	45	47	33	00
07-21-1999	04	13	26	29	31	03	00
07-17-1999	30	36	37	40	48	28	00
07-14-1999	01	06	25	29	32	09	00
07-10-1999	07	17	35	37	44	30	00
07-07-1999	03	06	17	37	41	08	00
07-03-1999	01	07	08	21	37	02	00
06-30-1999	05	10	12	20	40	03	00
06-26-1999	08	15	22	38	47	26	00
06-23-1999	12	15	17	23	49	07	00
06-19-1999	02	23	27	38	46	26	00
06-16-1999	02	04	08	14	38	01	00
06-12-1999	17	26	28	35	45	20	00
06-09-1999	07	32	35	38	48	17	00
06-05-1999	02	08	16	37	49	11	00
06-02-1999	04	20	24	46	48	32	00
05-29-1999	05	35	36	43	45	19	00
05-26-1999	26	29	34	36	37	24	00
05-22-1999	06	15	18	36	43	11	00
05-19-1999	04	09	24	35	41	31	00
05-15-1999	04	24	27	30	38	14	00
05-12-1999	04	05	12	38	40	28	00
05-08-1999	25	28	30	34	47	14	00
05-05-1999	07	09	26	31	40	24	00
05-01-1999	07	09	20	26	27	18	00
04-28-1999	05	07	12	18	42	14	00
04-24-1999	01	03	35	45	48	18	00
04-21-1999	03	11	32	41	45	29	00
04-17-1999	15	18	25	40	43	37	00
04-14-1999	10	12	19	25	40	33	00
04-10-1999	03	24	34	42	45	01	00
04-07-1999	05	26	31	37	39	42	00
04-03-1999	01	04	10	17	30	06	00
03-31-1999	03	15	16	28	39	01	00
03-27-1999	05	12	13	45	48	35	00
03-24-1999	07	19	20	26	27	12	00
03-20-1999	04	20	22	40	41	07	00
03-17-1999	09	15	31	37	40	09	00
03-13-1999	08	11	42	44	49	39	00
03-10-1999	01	14	26	34	49	15	00
03-06-1999	13	19	20	25	42	13	00
03-03-1999	01	08	12	42	44	13	00
02-27-1999	13	20	30	32	46	36	00
02-24-1999	08	15	29	40	46	23	00
02-20-1999	06	15	16	24	39	12	00
02-17-1999	10	21	22	25	36	39	00
02-13-1999	04	09	18	27	35	11	00
02-10-1999	10	20	27	31	42	26	00
02-06-1999	15	25	32	39	48	32	00
02-03-1999	20	26	30	39	42	32	00
01-30-1999	19	24	25	40	45	05	00
01-27-1999	02	04	20	23	44	22	00
01-23-1999	03	19	26	30	49	31	00
01-20-1999	02	12	19	40	48	27	00
01-16-1999	02	15	20	28	40	15	00
01-13-1999	15	31	33	43	47	06	00
01-09-1999	05	10	11	27	32	13	00
01-06-1999	02	09	13	16	44	36	00
01-02-1999	04	17	23	26	39	27	00
12-30-1998	10	20	34	38	46	03	00
12-26-1998	07	17	27	29	41	33	00
12-23-1998	29	31	39	45	46	33	00
12-19-1998	03	05	15	17	45	06	00
12-16-1998	03	08	19	27	32	38	00
12-12-1998	12	16	26	29	40	32	00
12-09-1998	12	33	40	43	48	16	00
12-05-1998	09	19	20	27	31	39	00
12-02-1998	04	22	29	36	45	30	00
11-28-1998	02	04	06	11	43	09	00
11-25-1998	06	10	13	33	48	09	00
11-21-1998	01	14	15	21	35	10	00
11-18-1998	21	25	33	39	46	18	00
11-14-1998	03	10	16	35	41	38	00
11-11-1998	10	14	25	36	48	02	00
11-07-1998	05	10	13	30	33	28	00
11-04-1998	02	08	17	30	36	22	00
10-31-1998	17	33	34	37	42	08	00
10-28-1998	08	09	24	35	44	42	00
10-24-1998	10	12	17	25	40	20	00
10-21-1998	22	24	27	39	44	25	00
10-17-1998	28	32	44	47	48	27	00
10-14-1998	14	15	18	26	32	06	00
10-10-1998	01	08	19	28	45	25	00
10-07-1998	06	08	09	15	26	07	00
10-03-1998	05	14	22	25	32	04	00
09-30-1998	02	03	08	12	36	24	00
09-26-1998	02	03	05	24	25	08	00
09-23-1998	01	05	21	22	42	18	00
09-19-1998	01	19	35	37	41	11	00
09-16-1998	06	24	35	40	42	02	00
09-12-1998	16	19	28	33	35	16	00
09-09-1998	04	12	19	42	46	09	00
09-05-1998	08	10	16	26	49	40	00
09-02-1998	21	28	29	40	44	08	00
08-29-1998	13	14	18	29	31	23	00
08-26-1998	06	23	32	42	46	08	00
08-22-1998	07	11	21	22	49	19	00
08-19-1998	08	15	23	43	46	29	00
08-15-1998	12	27	30	37	49	20	00
08-12-1998	02	10	33	42	45	02	00
08-08-1998	05	09	33	42	45	28	00
08-05-1998	03	12	19	35	42	21	00
08-01-1998	01	04	20	25	44	05	00
07-29-1998	08	39	43	45	49	13	00
07-25-1998	03	14	17	21	23	16	00
07-22-1998	01	22	23	30	49	33	00
07-18-1998	08	10	14	33	40	31	00
07-15-1998	11	16	21	23	36	37	00
07-11-1998	01	06	10	12	38	17	00
07-08-1998	05	16	19	29	34	24	00
07-04-1998	15	25	30	38	39	42	00
07-01-1998	03	17	29	35	47	34	00
06-27-1998	07	10	30	31	36	37	00
06-24-1998	13	16	18	27	30	23	00
06-20-1998	09	26	27	31	49	04	00
06-17-1998	07	14	35	36	37	10	00
06-13-1998	03	06	08	21	23	11	00
06-10-1998	04	12	19	36	38	06	00
06-06-1998	16	24	26	28	42	24	00
06-03-1998	22	25	31	35	41	38	00
05-30-1998	03	14	24	29	45	24	00
05-27-1998	02	15	27	33	46	27	00
05-23-1998	01	15	16	35	46	35	00
05-20-1998	04	09	30	34	48	08	00
05-16-1998	01	22	23	28	41	18	00
05-13-1998	02	13	18	30	36	26	00
05-09-1998	08	26	29	34	49	28	00
05-06-1998	11	20	44	45	47	05	00
05-02-1998	03	14	19	37	49	04	00
04-29-1998	08	25	30	46	47	31	00
04-25-1998	05	07	20	35	38	19	00
04-22-1998	04	13	29	31	49	04	00
04-18-1998	19	22	24	30	45	21	00
04-15-1998	08	24	25	39	41	21	00
04-11-1998	05	15	36	48	49	11	00
04-08-1998	03	10	24	30	49	35	00
04-04-1998	03	08	23	43	46	13	00
04-01-1998	11	12	33	34	47	39	00
03-28-1998	27	30	33	38	44	15	00
03-25-1998	05	23	35	42	44	29	00
03-21-1998	04	34	35	38	47	16	00
03-18-1998	02	04	33	39	41	26	00
03-14-1998	15	34	35	42	47	15	00
03-11-1998	02	05	17	24	36	20	00
03-07-1998	21	30	32	36	42	33	00
03-04-1998	03	19	30	33	39	09	00
02-28-1998	04	26	41	45	49	06	00
02-25-1998	02	20	30	43	46	19	00
02-21-1998	09	22	29	39	47	25	00
02-18-1998	01	21	28	29	33	15	00
02-14-1998	05	07	23	39	41	06	00
02-11-1998	25	33	34	35	37	35	00
02-07-1998	05	12	15	27	40	14	00
02-04-1998	08	12	21	25	30	20	00
01-31-1998	07	11	13	36	48	18	00
01-28-1998	15	23	31	36	48	12	00
01-24-1998	07	15	23	28	36	10	00
01-21-1998	01	23	26	31	32	33	00
01-17-1998	09	28	29	38	49	06	00
01-14-1998	06	09	16	28	38	13	00
01-10-1998	07	09	17	20	44	25	00
01-07-1998	03	04	18	30	37	23	00
01-03-1998	04	07	09	27	32	06	00
12-31-1997	04	05	06	14	27	06	00
12-27-1997	09	14	15	36	48	17	00
12-24-1997	03	16	28	34	35	14	00
12-20-1997	10	11	12	17	23	07	00
12-17-1997	03	05	13	18	45	20	00
12-13-1997	05	35	41	44	46	27	00
12-10-1997	04	18	21	28	41	03	00
12-06-1997	08	15	26	28	43	36	00
12-03-1997	09	14	18	42	47	32	00
11-29-1997	02	11	13	27	31	23	00
11-26-1997	15	23	34	40	46	35	00
11-22-1997	03	07	14	22	31	02	00
11-19-1997	03	10	19	21	48	22	00
11-15-1997	07	21	26	32	45	08	00
11-12-1997	13	14	16	29	41	01	00
11-08-1997	07	17	21	40	49	37	00
11-05-1997	02	19	24	28	35	26	00
